id,y
1,72.70038604736328
2,93.63581848144531
3,73.4939193725586
4,72.9900131225586
5,111.1167984008789
8,94.19681549072266
10,109.17521667480469
11,93.98867797851562
12,116.66364288330078
14,87.08692932128906
15,116.17792510986328
16,104.32583618164062
17,102.14608764648438
19,96.8034896850586
20,108.10513305664062
21,98.97081756591797
22,115.96392059326172
23,102.84613800048828
26,93.79422760009766
28,101.20470428466797
29,102.84613800048828
33,102.84613800048828
35,95.89057159423828
41,99.17752075195312
42,93.32173919677734
43,116.16422271728516
45,101.82054138183594
46,101.65555572509766
51,93.0230941772461
53,67.7577133178711
55,113.10234832763672
56,95.51514434814453
57,104.86090850830078
58,94.28266143798828
59,101.7567367553711
63,110.5612564086914
64,94.12782287597656
65,108.29952239990234
69,91.33831024169922
71,94.58302307128906
72,102.02197265625
73,93.92152404785156
76,101.8369369506836
77,108.34368133544922
78,114.29798126220703
82,95.44310760498047
83,108.29952239990234
84,93.98995208740234
85,103.01998138427734
87,110.08519744873047
88,99.17752075195312
89,110.81727600097656
91,94.04727172851562
93,94.18883514404297
94,106.21666717529297
95,92.6309585571289
96,106.92572021484375
97,96.94647979736328
98,109.85354614257812
99,96.51731872558594
101,102.41402435302734
103,110.81727600097656
104,90.30485534667969
105,109.4320068359375
110,95.0264663696289
111,108.30734252929688
113,110.16645050048828
114,93.36395263671875
115,105.29060363769531
117,110.81727600097656
120,94.32158660888672
121,109.46782684326172
122,95.20831298828125
123,109.43549346923828
126,112.60053253173828
132,109.25639343261719
135,106.62214660644531
137,102.62705993652344
138,93.88455963134766
140,95.01469421386719
142,109.3247299194336
144,109.6202392578125
148,92.98035430908203
149,111.05192565917969
155,93.47540283203125
156,111.03479766845703
157,96.94647979736328
162,109.87240600585938
163,94.76388549804688
167,91.82546997070312
172,116.16422271728516
179,111.41403198242188
180,94.52625274658203
181,109.20149230957031
182,95.01445007324219
183,110.81727600097656
185,110.81727600097656
187,110.58494567871094
188,95.06121063232422
189,93.4815444946289
191,92.54961395263672
192,110.68526458740234
193,93.3656997680664
194,109.49539947509766
195,85.60552215576172
196,109.91057586669922
198,101.55730438232422
199,110.18455505371094
201,106.41172790527344
204,94.05781555175781
205,104.32524108886719
206,95.41185760498047
210,94.05622100830078
211,102.41402435302734
216,109.7079849243164
219,116.16971588134766
220,89.69361877441406
221,110.10958099365234
226,109.20149230957031
227,93.92485046386719
228,109.8117446899414
230,109.6624755859375
231,96.94647979736328
235,115.43226623535156
236,93.51397705078125
238,109.11579132080078
242,108.40088653564453
243,93.72128295898438
244,68.9387435913086
245,109.54278564453125
247,110.60355377197266
248,93.39989471435547
249,92.94886016845703
250,113.75334167480469
251,93.51397705078125
253,115.43226623535156
254,94.289794921875
256,93.06043243408203
257,94.23253631591797
258,112.79170989990234
259,96.5563735961914
262,75.85846710205078
266,91.62156677246094
267,111.38497161865234
272,102.65800476074219
273,110.81727600097656
275,97.73014831542969
276,110.75491333007812
279,94.1880874633789
280,108.29952239990234
283,95.62901306152344
285,109.71873474121094
288,110.81727600097656
289,95.67826080322266
290,105.52100372314453
291,94.26505279541016
292,109.41780090332031
293,107.96792602539062
296,99.12834930419922
297,109.63780212402344
298,115.30074310302734
299,95.3900375366211
304,93.0997085571289
305,69.15558624267578
306,95.59818267822266
307,110.65247344970703
311,111.2342529296875
313,110.79124450683594
314,89.53592681884766
316,89.87200164794922
324,91.81201934814453
327,94.84777069091797
329,93.54696655273438
330,110.75260162353516
337,110.9365005493164
338,95.1924819946289
339,103.73419189453125
340,94.01533508300781
343,93.62138366699219
345,116.13674926757812
346,92.46818542480469
347,112.16870880126953
349,113.24284362792969
350,92.85411834716797
352,113.30460357666016
353,93.18663787841797
354,73.5060043334961
357,92.7806167602539
358,111.62321472167969
362,112.30238342285156
364,114.77003479003906
365,103.63985443115234
366,93.41267395019531
367,109.66974639892578
368,92.98743438720703
370,69.04862213134766
373,94.47356414794922
377,91.23133087158203
378,110.49593353271484
382,102.64593505859375
384,111.1495590209961
390,92.118896484375
392,112.20067596435547
393,110.4393539428711
395,96.23623657226562
396,106.69153594970703
399,72.09973907470703
406,110.79124450683594
408,110.79124450683594
409,87.41596221923828
410,71.11128997802734
412,113.471435546875
413,93.51306915283203
419,92.34496307373047
420,111.49299621582031
421,92.9280014038086
430,102.31401062011719
434,93.30818176269531
436,96.4081802368164
437,95.99547576904297
438,94.1886215209961
439,110.4622802734375
440,97.13275146484375
443,112.94307708740234
446,94.04924011230469
448,92.80970001220703
452,92.41426086425781
453,106.66726684570312
457,105.14996337890625
458,93.3696517944336
459,111.95807647705078
460,103.98336029052734
462,107.1957015991211
464,104.19768524169922
465,116.59917449951172
467,114.55062103271484
471,107.49454498291016
472,73.13220977783203
473,99.51144409179688
475,96.3018569946289
480,96.2790298461914
488,111.61077880859375
490,110.65247344970703
491,101.90868377685547
492,72.21007537841797
493,92.8490219116211
497,91.66561126708984
498,112.12077331542969
499,94.18177032470703
500,102.86568450927734
501,93.9695053100586
502,111.72892761230469
506,69.8234634399414
510,109.17717742919922
511,94.04202270507812
512,93.88671112060547
516,92.05986022949219
518,88.61587524414062
519,109.9441146850586
521,92.33234405517578
522,109.9338150024414
526,114.27960205078125
529,96.08523559570312
532,112.00244903564453
533,92.5151138305664
536,111.44143676757812
537,107.055908203125
539,96.30272674560547
540,103.16925811767578
541,94.00748443603516
543,94.12310028076172
546,112.76136016845703
547,93.45433807373047
548,69.32906341552734
551,93.05072784423828
552,105.36675262451172
556,106.27803039550781
557,95.28642272949219
558,109.66974639892578
559,93.30082702636719
560,103.87226867675781
562,104.73612976074219
566,95.60945129394531
570,112.12077331542969
571,95.99547576904297
572,110.02859497070312
573,95.3621826171875
575,116.59917449951172
576,109.11502838134766
577,92.55399322509766
579,94.0940933227539
580,109.35044860839844
581,110.80086517333984
589,110.65247344970703
591,102.74907684326172
593,92.4532241821289
594,109.38115692138672
595,94.8483657836914
598,92.9595718383789
602,111.0296859741211
604,114.49064636230469
606,104.02274322509766
608,92.99425506591797
609,103.20161437988281
610,92.50731658935547
616,110.75813293457031
617,93.29611206054688
618,103.76954650878906
620,104.2780532836914
622,112.06420135498047
623,95.1756820678711
624,117.7003173828125
626,112.59236145019531
628,113.03602600097656
629,93.30017852783203
630,110.56742095947266
637,88.9452133178711
638,110.64275360107422
643,97.43647766113281
645,96.2790298461914
646,114.38404846191406
648,95.54621124267578
652,95.67506408691406
653,95.42733001708984
654,112.12077331542969
656,110.81433868408203
657,93.87631225585938
659,101.9063491821289
660,107.0615005493164
663,93.31893157958984
664,112.64054107666016
666,105.07500457763672
668,111.16107940673828
669,93.258544921875
671,94.67568969726562
675,91.96638488769531
677,92.17803192138672
678,109.57076263427734
679,106.29356384277344
682,90.28581237792969
685,106.07144927978516
687,93.74058532714844
688,93.4743423461914
693,107.54635620117188
696,95.47766876220703
698,96.4635238647461
701,94.02919006347656
704,107.2508316040039
705,116.21117401123047
709,111.90177154541016
710,94.00518798828125
711,105.8698959350586
712,91.60327911376953
714,110.75588989257812
715,96.40113830566406
716,110.06758117675781
717,84.97074890136719
720,115.84693145751953
721,93.7332992553711
724,101.36043548583984
725,93.84722900390625
726,106.93412017822266
728,107.4234848022461
731,94.92134857177734
734,106.84922790527344
738,92.33992767333984
745,108.43291473388672
746,93.28797912597656
751,71.21147155761719
754,95.66764831542969
756,97.77850341796875
758,94.42503356933594
759,109.62714385986328
761,115.43289947509766
766,93.47270965576172
767,110.58814239501953
768,95.01612091064453
769,111.70232391357422
770,94.65859985351562
771,72.35963439941406
772,105.82526397705078
773,93.31211853027344
774,110.48843383789062
776,110.36705780029297
777,93.3497314453125
780,116.20374298095703
782,103.01818084716797
787,103.4677505493164
788,96.95536804199219
792,94.95903015136719
793,112.83984375
798,96.27999877929688
800,96.25711059570312
806,110.06758117675781
809,109.53758239746094
811,112.11797332763672
812,95.88973999023438
814,116.22408294677734
816,101.55369567871094
817,93.5738525390625
818,111.34766387939453
820,108.93103790283203
823,94.08922576904297
829,92.9542465209961
830,108.8853759765625
831,93.35018157958984
834,110.23970794677734
839,93.45633697509766
841,70.77323150634766
844,102.97551727294922
845,94.10211944580078
848,93.16014862060547
850,93.23907470703125
851,104.07039642333984
852,93.36133575439453
854,94.45113372802734
855,95.45257568359375
856,103.15290832519531
859,101.88472747802734
861,110.48843383789062
864,93.42473602294922
865,109.91728210449219
866,95.05708312988281
867,93.98992919921875
869,95.84352111816406
871,93.12332153320312
872,110.06758117675781
882,102.46949005126953
883,93.97673034667969
885,91.98749542236328
888,96.87953186035156
893,109.58688354492188
901,109.04981994628906
903,102.14305114746094
904,94.46958923339844
905,104.3003921508789
910,97.36681365966797
911,110.63928985595703
914,109.82524871826172
918,110.07642364501953
921,94.04009246826172
928,94.22306823730469
929,105.61418914794922
932,94.12696075439453
933,106.46527862548828
934,97.36681365966797
935,111.24285125732422
937,71.90996551513672
939,95.4446792602539
940,101.383544921875
941,94.1357192993164
942,107.1374282836914
943,96.71849822998047
944,103.30903625488281
947,110.06758117675781
949,110.96057891845703
951,108.19426727294922
952,95.2828140258789
953,102.14305114746094
954,73.43543243408203
957,109.2550277709961
959,94.85543060302734
960,111.42668914794922
963,116.22408294677734
965,110.06758117675781
967,104.0214614868164
971,93.32109832763672
972,73.85179901123047
973,95.28463745117188
974,111.75296783447266
975,91.94810485839844
978,114.2063217163086
980,114.54898071289062
981,98.1605224609375
984,110.24388122558594
986,97.36681365966797
988,95.01612091064453
989,109.67988586425781
990,102.38192749023438
992,109.04981994628906
996,95.50947570800781
999,112.03270721435547
1000,93.75921630859375
1001,109.91728210449219
1002,95.32154846191406
1003,110.36705780029297
1004,96.59950256347656
1008,111.71261596679688
1009,94.64972686767578
1010,108.65147399902344
1012,113.09326934814453
1013,92.48735809326172
1014,109.1791000366211
1015,95.82923126220703
1016,116.16027069091797
1019,97.77198028564453
1020,110.61737823486328
1021,97.36681365966797
1022,105.96477508544922
1024,97.36681365966797
1025,74.2259750366211
1027,96.99762725830078
1028,106.01327514648438
1029,92.22772216796875
1030,88.27404022216797
1033,111.9652099609375
1036,92.986083984375
1037,109.71263885498047
1038,95.66516876220703
1042,95.4446792602539
1043,103.21341705322266
1044,93.64649200439453
1045,110.92192840576172
1047,110.4757308959961
1050,94.84996032714844
1051,110.12545013427734
1054,93.87954711914062
1056,98.1605224609375
1057,94.24940490722656
1059,94.46623992919922
1062,106.2598876953125
1063,104.80652618408203
1064,98.1605224609375
1066,92.99504089355469
1070,106.98675537109375
1076,111.3509292602539
1077,98.69686126708984
1078,111.94728088378906
1080,110.32424926757812
1082,113.07418823242188
1083,96.04540252685547
1089,108.7641830444336
1091,97.09003448486328
1093,93.83588409423828
1097,93.30614471435547
1099,93.09990692138672
1101,97.60884857177734
1103,93.52912902832031
1104,112.39973449707031
1106,111.76402282714844
1109,94.83698272705078
1110,110.16675567626953
1111,92.93547821044922
1112,108.6787338256836
1114,94.49791717529297
1116,86.14998626708984
1117,109.6731185913086
1120,97.9894027709961
1124,110.39533996582031
1125,93.80571746826172
1126,112.0235824584961
1134,109.82615661621094
1137,92.92401123046875
1138,113.79188537597656
1144,110.18863677978516
1145,95.98222351074219
1146,90.1191177368164
1148,93.24823760986328
1150,97.47052764892578
1152,103.26884460449219
1153,88.3135757446289
1154,103.42841339111328
1155,96.03531646728516
1157,97.2068862915039
1162,96.3994369506836
1165,110.80977630615234
1166,93.0123062133789
1167,105.84503936767578
1168,97.7301025390625
1169,102.21920013427734
1171,115.87236785888672
1172,95.45181274414062
1173,102.21920013427734
1174,94.17383575439453
1176,95.4078598022461
1177,104.39643096923828
1178,93.3814926147461
1182,111.30809783935547
1186,96.81361389160156
1187,114.47360229492188
1188,93.59585571289062
1189,116.4637680053711
1191,107.08456420898438
1192,96.96776580810547
1197,112.19037628173828
1198,96.29317474365234
1200,73.98515319824219
1201,93.2761459350586
1203,95.30949401855469
1209,116.55518341064453
1214,103.4201431274414
1218,109.708251953125
1222,94.40755462646484
1226,96.45902252197266
1228,93.36376190185547
1230,93.09558868408203
1232,71.80158233642578
1233,95.62599182128906
1236,110.95539093017578
1238,97.02051544189453
1241,110.18863677978516
1244,103.94497680664062
1246,94.82975769042969
1247,110.84671783447266
1250,110.92832946777344
1251,94.26544952392578
1254,110.4555892944336
1255,95.42179107666016
1256,108.51854705810547
1257,92.86615753173828
1258,94.3639144897461
1259,110.61427307128906
1260,93.19498443603516
1263,110.03279876708984
1267,66.85343933105469
1268,112.26571655273438
1271,96.9012680053711
1272,110.01862335205078
1274,103.8578872680664
1275,96.3994369506836
1276,110.6484375
1277,95.20320892333984
1279,90.1191177368164
1281,96.8409194946289
1282,93.59585571289062
1283,111.25804901123047
1285,109.52947235107422
1286,93.07872009277344
1289,113.35120391845703
1296,112.97869110107422
1299,97.38660430908203
1301,95.78524780273438
1306,96.8127212524414
1307,93.84662628173828
1308,88.21161651611328
1313,110.6484375
1314,97.04481506347656
1315,110.16675567626953
1316,95.2929458618164
1317,110.32061004638672
1319,93.43091583251953
1323,96.1990737915039
1324,105.41019439697266
1325,93.74983978271484
1328,103.86356353759766
1329,94.53314208984375
1330,110.9524917602539
1331,94.42030334472656
1332,107.23931121826172
1337,89.36002349853516
1338,111.91639709472656
1339,92.67659759521484
1340,110.7237548828125
1343,111.12162780761719
1347,104.36507415771484
1348,94.01240539550781
1349,107.57560729980469
1352,90.0879135131836
1354,96.05817413330078
1359,111.33141326904297
1360,97.47579193115234
1363,110.75264739990234
1364,95.88545227050781
1365,104.72341918945312
1366,85.68206024169922
1372,94.12938690185547
1375,104.28063201904297
1376,95.77654266357422
1378,92.10865783691406
1379,113.0279769897461
1380,98.1474838256836
1381,102.73697662353516
1384,112.68669891357422
1387,97.6867446899414
1388,111.52355194091797
1392,69.59803771972656
1394,104.19933319091797
1395,88.2483901977539
1396,110.74666595458984
1398,94.3655776977539
1399,110.74666595458984
1400,94.44149017333984
1401,94.27564239501953
1403,98.29119110107422
1404,112.15084838867188
1406,110.74666595458984
1407,94.97589874267578
1408,110.38381958007812
1410,66.91362762451172
1412,111.0273666381836
1413,93.93578338623047
1415,96.22074890136719
1420,110.38381958007812
1422,109.97850036621094
1423,105.31352233886719
1424,110.38381958007812
1425,96.11048126220703
1426,66.91362762451172
1427,95.4636001586914
1429,94.17343139648438
1430,111.56908416748047
1431,95.74047088623047
1432,105.51561737060547
1434,110.5865249633789
1437,98.51010131835938
1438,106.10714721679688
1440,112.96176147460938
1441,112.91703033447266
1442,93.5555648803711
1444,109.71234893798828
1445,96.15943908691406
1446,103.76412963867188
1448,96.45620727539062
1453,92.37549591064453
1454,111.0273666381836
1455,96.85301208496094
1456,116.23133087158203
1458,111.0273666381836
1459,96.91069030761719
1461,90.6489028930664
1465,97.6867446899414
1466,111.81581115722656
1469,96.613037109375
1472,92.37549591064453
1474,95.1183853149414
1477,110.74034118652344
1479,109.09268188476562
1482,93.47191619873047
1483,71.12976837158203
1487,97.54448699951172
1488,112.02597045898438
1490,111.21611785888672
1492,109.06204223632812
1494,116.6766357421875
1496,102.48026275634766
1497,93.32352447509766
1499,95.87451171875
1502,92.82548522949219
1507,113.88033294677734
1508,90.0879135131836
1509,109.91197204589844
1511,93.75088500976562
1512,108.71324157714844
1513,114.58185577392578
1514,102.38385772705078
1518,111.20238494873047
1519,94.10819244384766
1522,113.60550689697266
1524,74.2137451171875
1527,93.5555648803711
1529,93.78042602539062
1532,107.11811065673828
1536,112.1393051147461
1537,116.6417465209961
1539,103.76455688476562
1542,112.17929077148438
1543,95.77654266357422
1544,106.67213439941406
1545,76.28907012939453
1550,95.64144897460938
1551,106.43032836914062
1554,104.75506591796875
1556,103.70087432861328
1559,93.1144790649414
1560,72.41387176513672
1562,95.57398986816406
1566,94.40335083007812
1567,111.41007995605469
1569,106.14262390136719
1570,108.55491638183594
1571,112.53314208984375
1574,90.0879135131836
1578,103.81838989257812
1580,96.62564849853516
1583,108.77584075927734
1584,90.0879135131836
1585,110.63165283203125
1586,96.55271911621094
1587,111.19208526611328
1588,95.71953582763672
1590,114.65216827392578
1592,102.70105743408203
1596,109.20896911621094
1598,108.77369689941406
1599,95.2380142211914
1604,110.4955825805664
1606,102.05310821533203
1607,93.93578338623047
1608,103.19668579101562
1609,115.88819885253906
1611,86.71858978271484
1613,95.71527862548828
1616,94.69111633300781
1619,111.07673645019531
1620,96.4977798461914
1621,109.86646270751953
1622,94.21599578857422
1625,109.32196044921875
1627,115.88819885253906
1629,110.81333923339844
1634,95.34607696533203
1636,94.3973388671875
1638,105.79662322998047
1639,94.15230560302734
1641,95.24784088134766
1643,86.36576080322266
1644,103.20326232910156
1645,116.60865020751953
1646,95.55851745605469
1647,105.2049560546875
1648,97.22542572021484
1652,96.62564849853516
1653,112.71216583251953
1656,103.18698120117188
1658,95.2380142211914
1659,111.12251281738281
1661,95.2928237915039
1663,93.93578338623047
1664,110.77283477783203
1665,96.56871795654297
1666,103.70087432861328
1667,102.6928939819336
1668,70.81916809082031
1669,103.71510314941406
1670,87.25714874267578
1672,110.9888916015625
1674,109.89517974853516
1677,112.02597045898438
1678,97.7116928100586
1679,110.5657958984375
1680,97.12921905517578
1683,105.40889739990234
1686,106.5012435913086
1687,110.32166290283203
1689,110.08895111083984
1690,93.90731811523438
1691,116.19940948486328
1692,111.52669525146484
1693,90.0879135131836
1695,96.18037414550781
1696,92.37549591064453
1697,110.54338073730469
1700,103.70087432861328
1701,97.05193328857422
1702,109.76085662841797
1703,96.83988189697266
1704,112.12100982666016
1706,94.65946197509766
1707,111.23992156982422
1708,98.6252670288086
1710,93.8353042602539
1711,104.82733917236328
1713,107.93684387207031
1717,104.00923156738281
1719,103.81838989257812
1720,94.18795776367188
1722,94.46727752685547
1725,103.2970199584961
1726,98.3139877319336
1727,103.50215911865234
1729,111.86605834960938
1730,97.53009796142578
1731,112.76082611083984
1733,103.70087432861328
1734,94.16761016845703
1735,109.97850036621094
1738,95.71527862548828
1742,100.36589050292969
1745,109.89517974853516
1747,97.27814483642578
1749,96.61314392089844
1751,95.88481903076172
1752,74.18578338623047
1753,105.18891906738281
1754,97.59849548339844
1755,97.640869140625
1756,105.08497619628906
1758,109.18138885498047
1759,97.06812286376953
1760,107.93315887451172
1761,112.004150390625
1762,97.34174346923828
1763,114.20526123046875
1764,95.9035415649414
1766,96.39754486083984
1768,94.46027374267578
1769,66.7999038696289
1771,109.84593200683594
1772,92.7427978515625
1773,104.21793365478516
1774,98.92201232910156
1775,114.7079086303711
1777,110.55730438232422
1779,97.06812286376953
1780,111.38137817382812
1787,97.52649688720703
1788,93.25633239746094
1790,98.48307800292969
1796,111.25662231445312
1801,93.43714904785156
1803,97.97988891601562
1807,110.6008529663086
1809,111.81659698486328
1812,96.10639953613281
1813,111.95746612548828
1814,96.75109100341797
1815,107.80004119873047
1816,96.70751953125
1818,96.31301879882812
1820,94.78453063964844
1821,111.2802734375
1822,97.81189727783203
1825,93.4015884399414
1826,105.48250579833984
1828,97.99931335449219
1831,105.66647338867188
1836,111.39319610595703
1837,93.97106170654297
1841,95.20188903808594
1844,102.39385223388672
1848,93.19606018066406
1851,104.36589050292969
1852,96.65398406982422
1853,95.55725860595703
1854,109.4715347290039
1856,94.38028717041016
1859,111.80162811279297
1860,98.19896697998047
1861,75.08316802978516
1863,106.1466293334961
1865,94.69384765625
1866,104.83783721923828
1867,88.1859359741211
1868,96.38176727294922
1872,94.55179595947266
1879,91.0962142944336
1880,104.2856216430664
1882,94.4965591430664
1885,105.9726791381836
1887,103.67144775390625
1888,89.68057250976562
1890,108.74403381347656
1894,97.4335708618164
1895,105.4854965209961
1896,98.20856475830078
1897,112.22937774658203
1900,111.9940414428711
1901,93.59889221191406
1902,113.25237274169922
1905,95.20267486572266
1906,108.61837768554688
1912,102.5581283569336
1915,98.86380767822266
1916,108.18958282470703
1917,94.9163589477539
1918,104.4822006225586
1920,73.94303131103516
1923,94.82511138916016
1924,107.74943542480469
1925,97.98308563232422
1930,116.0102767944336
1932,111.24641418457031
1933,96.38501739501953
1934,109.46298217773438
1935,92.660888671875
1940,67.35604858398438
1941,94.1562728881836
1942,111.18756103515625
1943,94.03671264648438
1944,93.7072525024414
1945,111.52058410644531
1948,116.77080535888672
1949,98.05192565917969
1952,91.13655853271484
1954,90.99134063720703
1955,110.84105682373047
1958,92.79081726074219
1959,71.21199798583984
1960,114.20526123046875
1963,97.92704010009766
1965,94.30509948730469
1968,104.81356048583984
1969,95.5027084350586
1971,97.9958724975586
1972,111.6777572631836
1973,93.99095916748047
1975,95.11446380615234
1977,94.54814147949219
1978,98.36978149414062
1979,110.1893081665039
1981,96.8741683959961
1982,111.35572814941406
1987,112.378662109375
1988,94.15086364746094
1993,96.21195220947266
1997,92.35494995117188
1999,97.4216079711914
2001,96.91583251953125
2002,110.53089141845703
2003,96.0606689453125
2004,70.71598052978516
2006,111.7183837890625
2007,93.36304473876953
2009,108.82599639892578
2010,94.2539291381836
2013,93.88150787353516
2018,71.41868591308594
2022,107.20520782470703
2024,109.21854400634766
2025,95.8862075805664
2026,109.73876953125
2030,109.65985107421875
2031,96.9208984375
2032,102.5581283569336
2033,98.10113525390625
2035,97.50128173828125
2036,112.20441436767578
2037,94.54525756835938
2040,97.25727081298828
2043,113.78572845458984
2044,105.41752624511719
2046,108.49635314941406
2054,108.484375
2055,94.78731536865234
2056,111.38137817382812
2059,96.23133087158203
2060,93.59889221191406
2062,95.76923370361328
2063,111.30081939697266
2066,97.4335708618164
2067,111.1436538696289
2072,98.9024658203125
2073,110.72514343261719
2074,97.32963562011719
2075,115.5728988647461
2076,94.16510009765625
2080,93.47599792480469
2082,93.59889221191406
2085,110.037841796875
2087,108.03517150878906
2091,110.33087921142578
2092,89.1594009399414
2093,111.38137817382812
2098,105.45430755615234
2101,114.20526123046875
2102,96.67684936523438
2103,67.35604858398438
2105,105.92694854736328
2106,96.45552825927734
2107,113.77545928955078
2110,93.13267517089844
2114,92.0621109008789
2115,111.2701187133789
2117,70.09469604492188
2118,96.24053955078125
2119,105.77912902832031
2120,98.12653350830078
2122,98.63868713378906
2123,110.34186553955078
2126,98.19277954101562
2127,106.80610656738281
2128,95.11205291748047
2129,108.4707260131836
2132,95.70795440673828
2135,104.2570571899414
2138,95.2594223022461
2139,116.0102767944336
2141,111.45523071289062
2142,93.12773895263672
2146,94.31853485107422
2151,109.67532348632812
2157,108.43819427490234
2159,112.40613555908203
2162,95.89399719238281
2164,116.17373657226562
2167,92.73162078857422
2168,111.56072998046875
2171,96.00950622558594
2173,96.98429870605469
2174,104.29683685302734
2175,93.7753677368164
2178,94.90587615966797
2180,95.50565338134766
2185,112.64971160888672
2189,92.4943618774414
2190,110.08399963378906
2192,101.02423858642578
2194,110.6829833984375
2200,113.4429702758789
2201,95.7188949584961
2203,110.33544921875
2204,94.8127670288086
2205,112.54972839355469
2209,110.2617416381836
2213,107.37220764160156
2214,93.47540283203125
2215,111.84324645996094
2216,94.94889831542969
2218,93.88533782958984
2219,106.29621887207031
2220,96.93694305419922
2222,93.1825180053711
2223,110.30670928955078
2225,108.90885925292969
2226,93.46961212158203
2230,94.68863677978516
2233,109.88707733154297
2234,111.97286224365234
2235,94.8127670288086
2236,73.52114868164062
2237,92.38320922851562
2240,111.19243621826172
2241,94.90509796142578
2248,104.12991333007812
2249,85.2591781616211
2250,109.54296875
2252,111.77185821533203
2253,96.41505432128906
2254,111.98381805419922
2256,71.16284942626953
2258,91.54630279541016
2259,108.89093780517578
2262,95.74053192138672
2265,97.27761840820312
2266,106.34423065185547
2269,93.39888000488281
2271,95.34920501708984
2273,96.16509246826172
2274,109.34024810791016
2275,95.86487579345703
2277,94.77555084228516
2279,94.8127670288086
2280,73.36752319335938
2282,95.50565338134766
2283,103.083984375
2288,93.68033599853516
2289,118.04021453857422
2291,97.57975769042969
2292,116.20047760009766
2297,98.0174331665039
2298,104.4010238647461
2299,96.20882415771484
2300,114.70445251464844
2301,94.34674072265625
2304,94.10003662109375
2305,105.49968719482422
2306,95.74053192138672
2308,93.88714599609375
2309,110.31063079833984
2311,85.81987762451172
2312,102.66504669189453
2316,104.68122863769531
2321,104.0726547241211
2322,108.72895050048828
2325,105.72999572753906
2326,93.2404556274414
2329,116.20047760009766
2330,94.55176544189453
2331,103.29501342773438
2332,110.43329620361328
2333,95.74053192138672
2334,103.266357421875
2335,108.2574691772461
2337,111.50271606445312
2338,95.50259399414062
2340,110.43329620361328
2342,104.48466491699219
2345,86.70329284667969
2349,98.96985626220703
2351,71.7768783569336
2352,97.18567657470703
2354,110.11653900146484
2355,112.76263427734375
2357,108.90885925292969
2358,85.94086456298828
2360,94.52043914794922
2361,110.11653900146484
2364,93.21826171875
2366,94.64482116699219
2369,105.96448516845703
2370,92.81050109863281
2371,110.01741027832031
2373,114.97013092041016
2374,95.7718734741211
2376,110.25635528564453
2378,112.2350845336914
2382,95.01934051513672
2383,93.34708404541016
2386,104.4672622680664
2387,96.18929290771484
2389,94.54959869384766
2390,112.35302734375
2392,94.79264068603516
2398,110.43329620361328
2399,97.16767120361328
2400,96.4329833984375
2401,110.08915710449219
2402,93.90668487548828
2404,93.03597259521484
2407,112.57295227050781
2408,107.2572021484375
2409,112.01698303222656
2412,69.72909545898438
2413,97.3089599609375
2415,93.32813262939453
2420,108.90768432617188
2422,93.41333770751953
2423,102.50910949707031
2426,93.4312973022461
2432,97.3226089477539
2434,96.71028900146484
2435,95.7471694946289
2436,107.6412124633789
2438,109.6724624633789
2440,111.0089340209961
2443,95.33916473388672
2444,94.14083862304688
2447,104.12991333007812
2450,93.61907196044922
2454,94.02656555175781
2455,110.76700592041016
2459,95.74053192138672
2460,107.18739318847656
2463,93.36165618896484
2465,95.7905044555664
2468,66.91780090332031
2469,95.42079162597656
2474,92.16987609863281
2478,93.08444213867188
2480,94.82083129882812
2481,111.19243621826172
2489,95.50565338134766
2490,107.82415008544922
2492,91.68892669677734
2496,95.74053192138672
2497,110.22737884521484
2500,96.73442077636719
2505,95.9004898071289
2507,93.60283660888672
2508,112.54972839355469
2509,93.52782440185547
2510,72.59569549560547
2513,94.23050689697266
2515,95.50565338134766
2518,93.34708404541016
2519,106.2499008178711
2520,93.34708404541016
2521,109.35499572753906
2523,107.89677429199219
2525,94.76496887207031
2529,112.0826187133789
2530,95.32820892333984
2533,112.289794921875
2535,95.59257507324219
2538,103.95555877685547
2544,111.92357635498047
2553,112.21051025390625
2556,91.18903350830078
2558,94.53765106201172
2559,115.22392272949219
2560,92.9569320678711
2561,111.1846694946289
2562,94.9078140258789
2563,112.13118743896484
2564,95.39064025878906
2565,109.54798126220703
2567,105.11878967285156
2572,93.68305206298828
2575,96.96665954589844
2576,111.83828735351562
2577,91.28739166259766
2578,95.0856704711914
2579,108.63810729980469
2580,93.75711822509766
2582,111.5582046508789
2583,94.28520965576172
2587,90.84789276123047
2589,113.31706237792969
2590,93.19525909423828
2591,112.0826187133789
2594,92.56124114990234
2597,90.55130767822266
2598,102.56787872314453
2599,94.73423767089844
2600,102.12664031982422
2602,115.6822280883789
2603,93.68305206298828
2604,102.99820709228516
2606,110.34197998046875
2607,73.24536895751953
2608,95.42374420166016
2613,111.9747543334961
2614,95.23906707763672
2615,110.24039459228516
2617,112.60773468017578
2620,96.48949432373047
2623,110.89513397216797
2624,90.4110336303711
2627,111.9747543334961
2629,73.24536895751953
2630,95.98320007324219
2632,97.71346282958984
2636,88.03547668457031
2639,93.30741119384766
2640,103.84066009521484
2642,112.0826187133789
2644,102.61927795410156
2646,105.37788391113281
2647,88.5337905883789
2649,92.49482727050781
2650,104.6087875366211
2652,102.23938751220703
2653,100.21987915039062
2655,109.30074310302734
2657,110.10462188720703
2659,109.54032135009766
2662,92.73836517333984
2663,110.8070297241211
2664,94.17000579833984
2665,101.92701721191406
2670,91.55374145507812
2671,103.55256652832031
2672,92.25882720947266
2675,102.23938751220703
2677,108.48945617675781
2679,108.87616729736328
2683,111.9423599243164
2684,94.0591049194336
2685,95.21373748779297
2688,103.25312805175781
2689,96.40382385253906
2690,103.646728515625
2693,93.36705017089844
2694,109.98247528076172
2697,99.44229125976562
2699,96.45004272460938
2703,91.97388458251953
2705,103.47554779052734
2709,76.7582778930664
2710,93.3586196899414
2711,110.02696990966797
2712,90.7544937133789
2713,92.24127960205078
2714,110.08594512939453
2715,93.60672760009766
2717,93.1737289428711
2718,111.82389831542969
2720,110.89057159423828
2721,91.99823760986328
2726,96.47048950195312
2728,92.76959228515625
2731,103.09146118164062
2732,109.4988784790039
2734,85.01026153564453
2736,101.34490966796875
2737,85.67060852050781
2738,101.58364868164062
2739,113.7616958618164
2746,92.64512634277344
2749,101.2171401977539
2751,116.19747161865234
2752,106.15475463867188
2753,92.88395690917969
2757,106.06401062011719
2758,96.08656311035156
2759,109.09070587158203
2760,91.81407928466797
2762,108.13715362548828
2764,93.30884552001953
2765,109.0119400024414
2769,110.78479766845703
2771,109.98856353759766
2774,92.82792663574219
2776,91.31456756591797
2777,112.01129913330078
2778,91.53530883789062
2779,111.45785522460938
2782,91.81452178955078
2784,91.31385040283203
2787,93.60152435302734
2789,91.99287414550781
2792,89.3337173461914
2798,94.38615417480469
2799,103.22505950927734
2800,91.51022338867188
2801,69.94799041748047
2802,94.97189331054688
2804,92.96956634521484
2807,103.2149429321289
2808,95.0207748413086
2809,112.98904418945312
2811,114.80989837646484
2812,93.18042755126953
2814,94.61067199707031
2816,91.76055145263672
2817,109.56559753417969
2818,104.56362915039062
2820,109.707275390625
2821,71.76888275146484
2822,94.88109588623047
2823,103.88758087158203
2824,92.12317657470703
2826,89.30989074707031
2829,92.0985107421875
2834,92.12871551513672
2835,68.32740020751953
2838,93.55982971191406
2839,106.71730041503906
2840,93.97636413574219
2841,108.67517852783203
2842,94.36581420898438
2846,108.17390441894531
2848,94.13436889648438
2849,92.77689361572266
2850,110.08594512939453
2851,95.268310546875
2853,91.32782745361328
2854,112.0826187133789
2858,109.43997955322266
2861,96.4754409790039
2864,90.5001449584961
2865,110.8070297241211
2866,110.66799926757812
2867,93.3545913696289
2868,111.3463363647461
2870,109.93292236328125
2877,92.4725112915039
2878,111.9747543334961
2880,110.2793197631836
2882,71.191650390625
2883,93.25955963134766
2884,103.2911605834961
2885,92.27639770507812
2887,94.30682373046875
2888,109.91947937011719
2889,95.41960906982422
2890,102.31098175048828
2891,85.33721923828125
2892,116.2124252319336
2893,93.13095092773438
2898,111.24067687988281
2899,90.21013641357422
2900,114.483154296875
2901,95.03951263427734
2909,96.17720794677734
2910,108.73995208740234
2911,110.80210876464844
2913,110.2345962524414
2914,95.7486343383789
2918,91.8925552368164
2919,108.04830169677734
2920,92.01311492919922
2921,111.9747543334961
2922,90.67109680175781
2923,102.00656127929688
2925,114.86094665527344
2926,93.43199920654297
2927,112.531005859375
2929,110.02754211425781
2933,92.66224670410156
2934,110.58817291259766
2936,107.62389373779297
2941,100.50009155273438
2942,94.64154815673828
2943,110.0150375366211
2945,105.42249298095703
2950,93.12277221679688
2951,111.83045959472656
2953,114.5322494506836
2954,95.65925598144531
2955,105.55188751220703
2956,95.83598327636719
2960,95.42575073242188
2962,96.62271118164062
2963,111.03977966308594
2964,102.95172119140625
2966,72.44692993164062
2967,94.35950469970703
2968,112.33196258544922
2969,93.75589752197266
2971,96.06094360351562
2972,98.56484985351562
2974,97.98751068115234
2975,110.7243881225586
2977,116.75855255126953
2980,110.70451354980469
2981,93.77207946777344
2983,94.7574234008789
2984,110.06058502197266
2985,116.40131378173828
2986,107.57744598388672
2987,98.56484985351562
2989,96.59644317626953
2990,109.8244857788086
2991,92.0406265258789
2992,66.4999008178711
2995,101.03087615966797
2996,103.96282958984375
3002,111.28502655029297
3004,112.63723754882812
3005,115.97699737548828
3006,94.2201156616211
3010,93.73707580566406
3011,101.54977416992188
3014,94.18659973144531
3015,92.53337097167969
3016,97.6700439453125
3017,113.58351135253906
3018,93.52515411376953
3021,103.9951171875
3024,103.59490203857422
3028,93.71405792236328
3030,92.67794036865234
3032,93.1400375366211
3039,97.59576416015625
3040,107.83085632324219
3041,94.80693054199219
3043,93.0598373413086
3044,110.74494171142578
3046,109.23881530761719
3055,95.2491455078125
3056,110.22735595703125
3058,94.04247283935547
3059,109.80243682861328
3061,116.7337417602539
3063,107.33192443847656
3066,88.69019317626953
3067,103.59490203857422
3068,71.95867156982422
3069,92.65723419189453
3072,115.0876693725586
3073,110.67345428466797
3074,94.76660919189453
3077,93.81858825683594
3082,94.33193969726562
3084,101.03087615966797
3085,111.32611083984375
3088,103.53736877441406
3091,91.8211669921875
3092,113.2281494140625
3093,94.97901153564453
3094,103.85671997070312
3096,107.79989624023438
3097,96.94888305664062
3098,71.67625427246094
3102,114.98474884033203
3106,92.45966339111328
3109,95.44009399414062
3111,94.68132019042969
3112,115.97699737548828
3113,93.49476623535156
3115,97.20417022705078
3116,110.71259307861328
3117,98.95459747314453
3121,114.866943359375
3122,95.95392608642578
3123,95.98136138916016
3124,107.5374755859375
3125,97.6700439453125
3126,103.02691650390625
3127,116.26705169677734
3129,93.73611450195312
3130,110.81226348876953
3132,104.36094665527344
3134,106.71643829345703
3135,97.3207778930664
3137,68.44161224365234
3138,93.02408599853516
3140,93.50398254394531
3144,110.18880462646484
3145,95.8510971069336
3146,111.01739501953125
3147,94.0511703491211
3148,104.5667495727539
3149,106.70262908935547
3150,112.7783432006836
3151,93.9052505493164
3152,89.34202575683594
3155,96.27047729492188
3156,111.45387268066406
3159,93.95471954345703
3161,94.1567611694336
3162,108.81736755371094
3163,93.015380859375
3165,102.41726684570312
3172,98.0927963256836
3173,110.93477630615234
3176,94.6606674194336
3177,103.61632537841797
3179,110.7243881225586
3183,90.01426696777344
3186,95.85453033447266
3187,103.74913787841797
3189,112.36279296875
3190,86.57489776611328
3192,116.26705169677734
3193,98.0927963256836
3194,112.1063461303711
3197,97.29476165771484
3198,94.234130859375
3200,94.2428970336914
3201,114.58561706542969
3202,94.234130859375
3204,96.24938201904297
3205,93.16606140136719
3206,113.64049530029297
3208,106.48763275146484
3210,103.33369445800781
3211,85.99187469482422
3212,116.7337417602539
3213,92.54916381835938
3214,112.23052215576172
3216,103.44438171386719
3219,94.93026733398438
3220,108.738037109375
3221,93.49476623535156
3226,110.79866790771484
3227,96.87543487548828
3228,107.9778823852539
3229,94.62105560302734
3232,67.04945373535156
3233,93.30496215820312
3234,90.9467544555664
3236,95.51708221435547
3238,113.08769989013672
3239,108.34392547607422
3240,95.41566467285156
3247,110.56085968017578
3249,103.49993133544922
3252,118.29298400878906
3253,94.50386810302734
3254,105.66923522949219
3255,94.00931549072266
3256,112.34394836425781
3257,87.84638214111328
3262,86.88363647460938
3263,103.28944396972656
3264,95.83598327636719
3266,112.6966323852539
3267,94.5857925415039
3269,92.5533218383789
3272,116.40131378173828
3274,97.29476165771484
3275,102.76543426513672
3277,95.02086639404297
3279,96.79216766357422
3280,106.45896911621094
3283,96.28295135498047
3285,95.98877716064453
3287,93.6841812133789
3288,103.59490203857422
3290,108.95580291748047
3291,92.27941131591797
3298,111.35295104980469
3299,93.5826644897461
3302,113.73102569580078
3303,93.41571044921875
3304,106.13363647460938
3307,93.77979278564453
3309,89.701904296875
3314,72.02224731445312
3316,116.74506378173828
3317,96.20674896240234
3319,94.21798706054688
3320,111.16643524169922
3321,97.1362533569336
3322,105.17066955566406
3324,94.49015045166016
3326,92.30477142333984
3329,109.07836151123047
3330,96.696044921875
3331,112.34857940673828
3335,116.67716217041016
3337,92.9578857421875
3338,102.6036376953125
3339,95.72795104980469
3340,107.10936737060547
3341,93.75508117675781
3343,93.1045913696289
3346,95.50458526611328
3348,92.50428009033203
3351,103.4614486694336
3352,116.00109100341797
3355,96.42262268066406
3356,110.9473648071289
3358,105.50189971923828
3359,96.0495376586914
3360,106.94482421875
3371,112.84098815917969
3372,93.33116149902344
3374,95.68402862548828
3377,110.88858795166016
3378,92.59689331054688
3380,103.1558609008789
3382,95.71604919433594
3386,93.5206527709961
3389,109.66625213623047
3391,105.50981140136719
3393,93.15962982177734
3394,105.05072784423828
3395,93.2398452758789
3397,112.5403060913086
3398,95.5591812133789
3399,71.33700561523438
3400,93.21981048583984
3404,103.89619445800781
3407,111.49918365478516
3409,106.69436645507812
3419,96.19786071777344
3421,94.03892517089844
3425,87.93629455566406
3427,74.8968276977539
3428,116.02710723876953
3429,112.48778533935547
3431,95.5398178100586
3435,95.6630630493164
3436,110.26642608642578
3439,94.49413299560547
3441,92.49689483642578
3442,116.02710723876953
3443,86.39038848876953
3444,103.35337829589844
3445,94.85813903808594
3446,107.64826965332031
3449,92.56798553466797
3453,93.09500885009766
3457,91.30427551269531
3460,103.51322174072266
3461,96.89183807373047
3462,92.1363525390625
3464,107.02588653564453
3465,71.66289520263672
3466,93.60652923583984
3467,103.51854705810547
3468,93.96195983886719
3469,105.18695831298828
3470,105.83732604980469
3472,112.6485824584961
3473,95.44124603271484
3475,93.05404663085938
3476,111.47550201416016
3478,106.65331268310547
3479,94.39048767089844
3483,92.60725402832031
3484,103.8289566040039
3485,95.23717498779297
3487,93.5559310913086
3488,112.0509262084961
3496,110.26471710205078
3497,94.56439971923828
3499,95.35820007324219
3500,73.24066162109375
3501,97.77031707763672
3504,93.74554443359375
3508,108.86766815185547
3511,88.46105194091797
3512,106.76669311523438
3515,95.47578430175781
3517,94.37025451660156
3518,103.0480728149414
3526,114.00963592529297
3528,122.68143463134766
3529,90.17350006103516
3530,111.10725402832031
3531,94.52278900146484
3532,116.52873229980469
3533,93.81128692626953
3534,92.9262466430664
3535,71.02256774902344
3536,96.7720947265625
3537,111.68424987792969
3538,92.67549896240234
3539,109.27361297607422
3540,108.48567962646484
3545,111.3038330078125
3546,94.63941192626953
3550,106.35025787353516
3551,93.62361145019531
3553,97.93551635742188
3554,103.51322174072266
3557,92.4271240234375
3558,113.11243438720703
3559,92.56798553466797
3561,93.09000396728516
3562,112.5403060913086
3563,93.41695404052734
3564,103.4614486694336
3565,94.85813903808594
3567,92.1370849609375
3571,103.4614486694336
3572,92.3933334350586
3574,98.20480346679688
3576,93.71123504638672
3577,112.47736358642578
3578,97.1983642578125
3579,93.6451644897461
3583,93.68675231933594
3585,98.49560546875
3586,106.73941040039062
3587,110.49684143066406
3593,92.14630889892578
3594,111.76996612548828
3595,97.13027954101562
3599,94.02733612060547
3600,105.84014892578125
3601,112.6485824584961
3602,92.56798553466797
3604,93.8917465209961
3609,114.0356674194336
3610,108.99872589111328
3612,111.2174301147461
3614,115.00098419189453
3615,94.30072021484375
3617,96.85784912109375
3618,110.0470962524414
3619,111.39679718017578
3620,111.62171173095703
3621,93.74644470214844
3625,96.10828399658203
3626,105.11490631103516
3630,102.48579406738281
3631,94.45748138427734
3632,104.4167709350586
3633,94.72319030761719
3634,111.57286834716797
3637,91.9079818725586
3639,92.0160140991211
3640,111.35513305664062
3641,92.8761978149414
3644,111.81404876708984
3645,93.31782531738281
3646,94.30557250976562
3647,92.14202880859375
3648,112.51880645751953
3653,111.33285522460938
3654,95.85437774658203
3655,111.53308868408203
3659,103.55403137207031
3660,96.0647964477539
3662,111.04524993896484
3666,93.50470733642578
3668,96.21286010742188
3671,97.7158432006836
3673,92.77704620361328
3674,111.12403106689453
3675,91.84522247314453
3681,91.92047119140625
3682,111.15287017822266
3686,111.97197723388672
3687,95.03412628173828
3692,73.82953643798828
3695,110.55619049072266
3696,93.52275848388672
3699,112.45185852050781
3705,111.9144287109375
3707,66.75618743896484
3708,97.29701232910156
3709,110.70344543457031
3710,94.00523376464844
3712,85.99768829345703
3715,110.75829315185547
3716,93.34907531738281
3720,111.54715728759766
3722,66.75618743896484
3726,93.43167114257812
3728,95.76030731201172
3729,116.30854034423828
3731,102.72488403320312
3735,107.94918823242188
3736,95.0411148071289
3739,101.73466491699219
3741,110.45057678222656
3743,106.01090240478516
3744,96.97989654541016
3745,110.3926773071289
3746,95.52163696289062
3751,85.41957092285156
3753,93.097900390625
3760,108.43486022949219
3761,88.39917755126953
3762,113.5997085571289
3763,93.76470184326172
3765,92.07442474365234
3768,111.84659576416016
3769,93.37877655029297
3770,107.10105895996094
3773,110.50724029541016
3774,95.19190216064453
3776,96.58612823486328
3778,92.13536834716797
3779,106.2257080078125
3780,92.72413635253906
3781,110.62386322021484
3782,97.20524597167969
3783,112.47032928466797
3784,94.46461486816406
3786,92.9534683227539
3789,105.4941635131836
3790,91.43569946289062
3793,107.86036682128906
3795,110.50102996826172
3797,95.4277572631836
3798,116.05394744873047
3800,109.73189544677734
3804,95.73681640625
3810,90.69450378417969
3815,111.84362030029297
3816,95.73681640625
3818,104.16788482666016
3824,112.66277313232422
3828,103.3773422241211
3830,110.84752655029297
3831,95.2161636352539
3832,72.95521545410156
3834,109.68569946289062
3835,92.48796081542969
3836,107.27018737792969
3838,94.14942932128906
3839,116.38233947753906
3840,111.79387664794922
3845,93.44422149658203
3846,110.0398178100586
3847,93.81558990478516
3849,71.52728271484375
3853,108.0374984741211
3855,108.83349609375
3856,90.87462615966797
3864,72.5977783203125
3865,93.05912780761719
3866,111.88352966308594
3867,92.09757995605469
3868,109.73189544677734
3869,95.70443725585938
3871,93.69038391113281
3875,103.3263931274414
3876,97.18621826171875
3878,92.49989318847656
3879,109.40518951416016
3881,109.73189544677734
3883,111.0179443359375
3884,95.2871322631836
3886,110.41161346435547
3890,95.08014678955078
3893,108.29398345947266
3897,109.47378540039062
3901,94.60757446289062
3902,112.31011199951172
3913,110.31731414794922
3914,92.7764663696289
3916,95.31246185302734
3917,109.33295440673828
3924,102.77227020263672
3925,90.50684356689453
3928,93.96849822998047
3929,111.23772430419922
3932,97.40496826171875
3933,102.95561981201172
3934,70.98206329345703
3935,91.6058120727539
3936,96.90222930908203
3937,109.7315902709961
3938,95.92615509033203
3939,107.1890869140625
3943,92.29773712158203
3944,112.57392120361328
3945,109.83660125732422
3946,92.82876586914062
3947,111.21265411376953
3948,90.812744140625
3949,112.39881134033203
3950,92.18965148925781
3951,109.21514129638672
3952,92.65721893310547
3953,110.48543548583984
3961,110.93279266357422
3962,95.08876037597656
3966,92.81050109863281
3967,106.0973129272461
3968,99.29856872558594
3969,110.19759368896484
3970,95.45719146728516
3971,106.96562194824219
3973,92.98701477050781
3974,112.18629455566406
3975,110.4988784790039
3977,107.4927749633789
3979,109.5638198852539
3985,96.0874252319336
3986,103.62844848632812
3988,106.7381362915039
3991,86.19284057617188
3992,102.74411010742188
3993,98.88074493408203
3994,95.34093475341797
3995,111.4999771118164
4005,109.94084930419922
4007,93.96888732910156
4008,105.28166961669922
4009,94.3734359741211
4010,108.09827423095703
4011,68.6426010131836
4012,92.17955017089844
4013,102.94161224365234
4015,108.2768783569336
4016,107.87642669677734
4018,109.50985717773438
4025,96.45942687988281
4026,110.2289810180664
4028,112.1358413696289
4029,95.79823303222656
4031,94.2597885131836
4032,108.70133209228516
4033,94.76219940185547
4034,104.89348602294922
4037,92.25287628173828
4038,104.788818359375
4039,94.80481719970703
4041,95.20970153808594
4042,107.52897644042969
4043,94.32263946533203
4044,102.95561981201172
4045,92.59503173828125
4046,112.43648529052734
4047,98.53734588623047
4048,104.32946014404297
4049,93.7782974243164
4051,91.43668365478516
4052,112.90433502197266
4058,103.05089569091797
4062,108.1169204711914
4064,107.22673797607422
4067,93.65621185302734
4068,73.0300521850586
4070,94.69593048095703
4072,114.16683959960938
4074,112.84039306640625
4075,92.45500183105469
4076,108.4349136352539
4077,96.56629180908203
4078,110.87613677978516
4080,102.95561981201172
4082,110.9622573852539
4085,93.940185546875
4086,111.31307220458984
4088,110.2289810180664
4089,93.51383972167969
4092,71.79650115966797
4094,93.892822265625
4095,110.77849578857422
4096,93.23466491699219
4097,106.7976303100586
4102,91.79857635498047
4105,109.92829132080078
4107,109.72178649902344
4111,92.78923797607422
4112,106.0882797241211
4113,92.45577239990234
4114,113.27056121826172
4115,92.56746673583984
4116,110.06517791748047
4117,96.17877960205078
4118,96.56535339355469
4119,108.69125366210938
4120,94.15872192382812
4122,69.56517028808594
4125,92.6785888671875
4126,111.13680267333984
4129,110.0754165649414
4134,109.23388671875
4137,92.91766357421875
4141,104.89759826660156
4142,97.4955062866211
4144,95.47492218017578
4145,102.77227020263672
4146,96.81749725341797
4150,93.75917053222656
4151,66.71845245361328
4154,93.65621185302734
4156,93.50553131103516
4157,110.18222045898438
4159,107.87642669677734
4160,90.91000366210938
4161,105.86878967285156
4168,97.1534652709961
4171,104.03665161132812
4172,107.37494659423828
4173,95.4305648803711
4175,92.5728988647461
4176,102.95561981201172
4177,95.47492218017578
4178,102.0311508178711
4179,93.8777084350586
4181,111.14545440673828
4183,95.79823303222656
4184,110.60567474365234
4185,92.73677825927734
4186,111.56023406982422
4188,111.62662506103516
4190,111.12752532958984
4192,93.80216979980469
4193,107.9032211303711
4194,113.02086639404297
4195,93.40782928466797
4196,73.49988555908203
4202,95.9322738647461
4203,105.1498031616211
4208,94.17257690429688
4209,113.0460433959961
4210,93.93986511230469
4211,108.84329986572266
4212,115.74439239501953
4214,106.06017303466797
4215,94.06189727783203
4216,108.44441223144531
4217,93.42552185058594
4219,93.97615051269531
4222,109.7315902709961
4224,72.07756805419922
4231,104.34874725341797
4232,95.79823303222656
4234,90.9370346069336
4236,95.47492218017578
4237,103.09674835205078
4240,92.88006591796875
4242,107.70318603515625
4243,93.05950164794922
4247,92.99581909179688
4248,109.25924682617188
4249,89.41727447509766
4254,103.66600799560547
4263,93.29434204101562
4265,109.56074523925781
4267,107.16343688964844
4268,112.14128112792969
4271,108.72891235351562
4272,94.25458526611328
4273,108.2204818725586
4274,93.10880279541016
4276,96.4135971069336
4278,97.42826843261719
4280,93.99473571777344
4281,108.21215057373047
4283,97.31661224365234
4284,111.39666748046875
4285,96.59241485595703
4286,110.937255859375
4287,95.05155181884766
4288,111.97687530517578
4289,92.2740707397461
4290,69.4048080444336
4293,90.83753204345703
4296,110.78154754638672
4297,92.82361602783203
4299,92.5542221069336
4303,110.23636627197266
4310,97.56044006347656
4312,103.89310455322266
4318,103.40584564208984
4320,111.17229461669922
4322,93.18419647216797
4323,114.53816223144531
4325,104.85604858398438
4326,109.56800842285156
4328,107.14786529541016
4330,104.55406951904297
4332,110.25621032714844
4333,94.48042297363281
4335,97.1957778930664
4336,109.13531494140625
4338,104.18223571777344
4341,89.66998291015625
4342,102.1694564819336
4344,103.42705535888672
4347,95.8845443725586
4348,103.46479034423828
4351,108.50482940673828
4352,94.43731689453125
4353,111.19486236572266
4355,104.55436706542969
4356,94.06829071044922
4359,101.4129409790039
4360,94.0708999633789
4361,94.31532287597656
4364,92.76276397705078
4365,104.13335418701172
4368,97.79010009765625
4372,97.23501586914062
4374,94.11943817138672
4376,93.27908325195312
4377,107.07262420654297
4380,97.8886947631836
4383,106.0308837890625
4384,97.1959457397461
4385,104.36593627929688
4389,92.26264953613281
4391,93.8476791381836
4392,110.50601959228516
4393,93.55167388916016
4395,92.15990447998047
4396,112.99085235595703
4398,112.8206787109375
4399,107.16715240478516
4401,93.22583770751953
4406,93.04141998291016
4408,105.76896667480469
4412,103.46479034423828
4415,85.04203033447266
4418,111.72786712646484
4419,94.11943817138672
4420,71.94780731201172
4422,113.10025787353516
4423,94.11943817138672
4425,94.7282485961914
4428,112.56182098388672
4431,109.57205200195312
4434,90.94670867919922
4436,93.63447570800781
4437,111.89221954345703
4439,116.59844207763672
4440,94.34599304199219
4441,111.74942779541016
4444,97.91236114501953
4445,106.71428680419922
4446,93.12252807617188
4447,113.93183898925781
4452,105.4109115600586
4456,112.99894714355469
4457,94.99150848388672
4458,109.80123901367188
4460,94.06829071044922
4461,116.48181915283203
4462,90.03687286376953
4465,103.32537078857422
4466,97.79574584960938
4468,95.12755584716797
4469,106.19165802001953
4472,110.60595703125
4475,91.81670379638672
4478,95.17642974853516
4479,109.92536926269531
4480,92.2082748413086
4483,72.56868743896484
4484,94.11689758300781
4485,104.4529037475586
4486,95.38521575927734
4488,93.46215057373047
4489,108.32642364501953
4490,95.52749633789062
4491,102.89698791503906
4492,93.9350357055664
4493,107.4847412109375
4494,95.1783218383789
4495,102.72782135009766
4498,68.67644500732422
4499,95.04192352294922
4500,101.3541030883789
4503,111.65328216552734
4505,103.69789123535156
4506,84.75468444824219
4507,97.24557495117188
4508,103.40584564208984
4510,110.44329833984375
4511,92.82982635498047
4513,95.61817169189453
4516,72.13745880126953
4519,92.53870391845703
4521,96.5088882446289
4531,94.0525894165039
4532,70.66804504394531
4533,93.9898910522461
4534,110.40949249267578
4536,103.40584564208984
4537,94.99150848388672
4539,97.25993347167969
4542,102.69564819335938
4545,88.9609146118164
4549,96.43517303466797
4551,94.25928497314453
4554,103.86135864257812
4556,112.07173919677734
4559,112.59976959228516
4561,112.69412994384766
4562,108.220703125
4566,107.3326644897461
4569,92.20577239990234
4570,112.99085235595703
4573,93.47276306152344
4574,103.64888763427734
4575,84.60546875
4577,95.0645751953125
4578,110.5055923461914
4580,109.0623779296875
4582,91.75737762451172
4583,113.10025787353516
4585,97.32488250732422
4587,103.40584564208984
4595,92.9490737915039
4596,109.72518157958984
4601,93.57823944091797
4602,110.1552505493164
4603,97.32022857666016
4605,110.86293029785156
4606,96.3439712524414
4607,116.32080078125
4608,94.80439758300781
4610,94.64146423339844
4613,105.9764633178711
4617,94.2305679321289
4618,110.08616638183594
4619,93.69214630126953
4620,90.75890350341797
4622,101.7715835571289
4625,94.06829071044922
4626,103.40584564208984
4627,97.78462219238281
4629,94.55235290527344
4631,93.28536987304688
4633,103.40584564208984
4634,113.92021179199219
4635,92.0912094116211
4639,93.19445037841797
4640,106.4809341430664
4642,104.59175872802734
4644,114.2727279663086
4646,103.40584564208984
4647,97.46240234375
4648,74.42154693603516
4649,92.75737762451172
4650,110.01371002197266
4655,96.43517303466797
4660,94.41339111328125
4661,113.04481506347656
4662,92.2242202758789
4663,110.92332458496094
4665,95.09371948242188
4666,111.49288940429688
4667,104.33271026611328
4668,92.7162857055664
4670,93.38043975830078
4671,111.91032409667969
4672,93.05038452148438
4673,103.76903533935547
4675,105.78048706054688
4676,96.44248962402344
4677,109.40796661376953
4680,93.94056701660156
4682,92.54000091552734
4683,111.60811614990234
4685,103.46479034423828
4686,94.45697021484375
4688,113.02776336669922
4690,111.82588958740234
4692,109.4834976196289
4693,95.36992645263672
4697,96.59539794921875
4700,109.26265716552734
4702,109.19422912597656
4707,116.84581756591797
4708,95.65680694580078
4710,74.76837158203125
4716,97.10631561279297
4717,94.44713592529297
4718,95.47201538085938
4720,94.83676147460938
4721,77.44351196289062
4723,95.04420471191406
4726,110.09207916259766
4727,94.09991455078125
4729,94.52726745605469
4731,94.03227996826172
4732,113.46434783935547
4735,94.18814086914062
4736,105.55835723876953
4737,98.5862045288086
4738,109.68197631835938
4739,110.96769714355469
4744,105.38175964355469
4747,95.2166748046875
4749,114.97721099853516
4750,95.65680694580078
4752,113.18683624267578
4755,100.68000793457031
4756,107.37761688232422
4757,112.36640167236328
4758,94.13753509521484
4759,101.5321044921875
4763,94.28563690185547
4764,103.63851165771484
4765,95.92913055419922
4766,96.58586883544922
4767,111.4974365234375
4769,112.9182357788086
4770,93.6939926147461
4771,70.29801940917969
4772,104.0368881225586
4774,113.67481231689453
4776,111.06730651855469
4777,109.95814514160156
4778,94.75938415527344
4780,91.08536529541016
4784,87.43852996826172
4786,97.2025375366211
4787,73.82567596435547
4788,94.58724212646484
4789,113.18683624267578
4791,105.33513641357422
4792,96.40129852294922
4795,111.40816497802734
4796,95.61553192138672
4803,94.05692291259766
4805,95.55858612060547
4807,93.73067474365234
4809,95.05957794189453
4816,93.38169860839844
4817,75.40221405029297
4818,93.21858978271484
4820,95.4282455444336
4821,103.38329315185547
4823,110.63867950439453
4824,97.14418029785156
4825,110.38512420654297
4829,106.29357147216797
4830,96.18238067626953
4831,114.81838989257812
4833,103.45354461669922
4836,93.66456604003906
4837,113.02776336669922
4838,94.20745849609375
4840,101.60470581054688
4841,72.13125610351562
4842,93.90198516845703
4843,110.52396392822266
4844,93.98983001708984
4849,110.80135345458984
4851,104.84073638916016
4852,98.27147674560547
4858,95.12060546875
4860,96.18238067626953
4863,112.98155975341797
4864,94.51139068603516
4865,112.10813903808594
4867,112.31562042236328
4868,99.98970794677734
4869,111.92357635498047
4873,95.4445571899414
4875,99.19661712646484
4876,108.40798950195312
4877,95.29219818115234
4878,110.77313995361328
4880,73.80269622802734
4886,111.22140502929688
4888,105.1963882446289
4889,94.30972290039062
4890,113.28369140625
4893,95.9469223022461
4895,95.12574005126953
4896,104.58589935302734
4899,95.71292877197266
4901,95.93156433105469
4902,109.86371612548828
4903,94.77716064453125
4904,113.18683624267578
4910,96.52213287353516
4912,95.91929626464844
4915,96.47407531738281
4916,105.95539855957031
4917,94.8648910522461
4920,104.0368881225586
4927,104.65018463134766
4928,94.05352020263672
4931,104.56587982177734
4934,97.72098541259766
4936,95.8548812866211
4939,110.03486633300781
4942,113.1717300415039
4943,96.32957458496094
4944,102.81382751464844
4945,93.7851791381836
4947,110.64482879638672
4948,94.82013702392578
4951,93.93535614013672
4952,113.18683624267578
4953,92.13272857666016
4956,94.77716064453125
4957,115.75212097167969
4958,93.2567138671875
4960,93.7142333984375
4968,95.16445922851562
4969,104.64551544189453
4971,103.42823028564453
4973,113.6440658569336
4975,113.4283676147461
4976,93.19831085205078
4978,95.6978759765625
4979,108.57818603515625
4982,88.77776336669922
4983,108.38750457763672
4984,97.9361343383789
4985,116.79460144042969
4986,96.97870635986328
4987,112.14376831054688
4988,99.58470916748047
4994,97.00343322753906
4995,95.46803283691406
5002,72.06403350830078
5004,97.07914733886719
5005,102.86685943603516
5006,97.23395538330078
5007,101.88365936279297
5009,110.06865692138672
5011,113.6440658569336
5014,95.06742858886719
5015,106.35517883300781
5018,97.1170654296875
5019,111.52788543701172
5020,96.71210479736328
5021,110.75146484375
5022,97.68994903564453
5023,95.52302551269531
5025,96.09172058105469
5032,101.05714416503906
5034,98.13402557373047
5036,96.80278778076172
5038,93.98350524902344
5039,106.75235748291016
5046,95.78619384765625
5049,111.52788543701172
5051,97.04059600830078
5052,93.72284698486328
5053,113.67481231689453
5054,95.78479766845703
5055,98.54581451416016
5057,96.10590362548828
5059,95.54638671875
5062,97.42284393310547
5063,111.82329559326172
5065,111.00808715820312
5069,96.41511535644531
5071,95.50096893310547
5074,110.92635345458984
5075,94.81669616699219
5076,107.77054595947266
5077,73.62642669677734
5079,106.35183715820312
5080,98.26549530029297
5081,112.95757293701172
5083,106.3168716430664
5088,105.4045181274414
5089,93.56397247314453
5093,109.42378234863281
5094,105.88511657714844
5095,95.78898620605469
5099,108.90483093261719
5101,111.41205596923828
5103,101.75946807861328
5104,91.39325714111328
5105,109.41456604003906
5107,96.44186401367188
5108,110.60690307617188
5109,92.15713500976562
5111,96.19971466064453
5112,110.62339782714844
5113,93.70214080810547
5114,106.71808624267578
5115,91.73065948486328
5118,96.97907257080078
5122,95.54688262939453
5123,72.70458221435547
5125,93.07666015625
5127,103.06880950927734
5128,96.2132797241211
5129,113.35054779052734
5132,96.52892303466797
5134,111.05956268310547
5135,92.57293701171875
5137,112.59869384765625
5142,94.0663833618164
5143,105.58563232421875
5144,95.21070861816406
5148,95.5474624633789
5149,96.25421142578125
5150,103.63799285888672
5154,72.11186981201172
5155,93.19811248779297
5159,95.1850357055664
5164,94.56492614746094
5165,109.65752410888672
5166,93.33836364746094
5167,113.58524322509766
5169,93.27073669433594
5171,93.38871765136719
5172,109.65641784667969
5176,93.72110748291016
5184,106.84685516357422
5185,92.110107421875
5186,110.05120086669922
5188,103.59481811523438
5189,106.87296295166016
5190,96.85155487060547
5191,109.65752410888672
5193,110.99848175048828
5196,98.53398132324219
5199,69.99046325683594
5200,105.39010620117188
5203,93.43860626220703
5204,113.67108917236328
5205,97.76155090332031
5207,93.56090545654297
5208,106.35627746582031
5212,96.72174835205078
5214,92.22102355957031
5218,96.1338882446289
5220,93.16950225830078
5222,93.14675903320312
5224,94.76792907714844
5225,103.74967193603516
5227,107.70671844482422
5229,106.98011779785156
5232,93.0669937133789
5233,114.47450256347656
5234,103.68694305419922
5237,113.13570404052734
5239,114.99899291992188
5240,94.17650604248047
5241,111.4675064086914
5244,94.56777954101562
5248,112.76604461669922
5251,94.60001373291016
5253,95.8862533569336
5255,91.06401824951172
5256,102.1103515625
5257,93.96077728271484
5259,94.44807434082031
5260,110.87644958496094
5266,94.14114379882812
5268,94.3992691040039
5275,112.99388885498047
5276,112.3600845336914
5277,93.91899108886719
5279,86.02100372314453
5280,104.739013671875
5281,94.00130462646484
5283,95.59081268310547
5284,67.24885559082031
5285,95.15086364746094
5286,106.37989044189453
5287,91.24544525146484
5289,92.46100616455078
5290,110.99848175048828
5292,107.8681869506836
5293,98.10152435302734
5294,106.19125366210938
5297,95.63693237304688
5299,97.8394546508789
5302,92.99134826660156
5305,70.68804931640625
5306,87.745849609375
5308,92.83905792236328
5309,94.8891372680664
5310,113.1187973022461
5312,109.60945892333984
5316,114.52022552490234
5317,95.2392807006836
5319,72.31766510009766
5320,95.85493469238281
5323,95.50907135009766
5329,110.67605590820312
5331,111.30168151855469
5334,110.53006744384766
5336,112.52812194824219
5338,104.26647186279297
5341,104.09144592285156
5345,100.40480041503906
5348,94.21343994140625
5349,113.75314331054688
5355,107.35078430175781
5356,93.84373474121094
5360,106.95665740966797
5362,109.73101806640625
5364,109.69770050048828
5366,105.86677551269531
5367,94.35987854003906
5368,93.48009490966797
5370,93.39293670654297
5371,73.30496215820312
5373,106.47037506103516
5375,113.13570404052734
5376,93.82929992675781
5378,109.66979217529297
5379,99.1093978881836
5383,96.3210678100586
5384,104.52295684814453
5389,110.25006866455078
5391,72.41699981689453
5393,110.87125396728516
5395,113.0508804321289
5397,112.49898529052734
5398,92.5059814453125
5399,108.71112060546875
5401,115.94441223144531
5402,92.68939971923828
5403,112.30609893798828
5404,97.53800201416016
5407,74.00597381591797
5408,93.81407165527344
5413,112.40879821777344
5414,96.1036605834961
5417,97.0677719116211
5418,107.8681869506836
5420,113.65336608886719
5421,93.57714080810547
5424,99.25267028808594
5425,113.67108917236328
5426,95.06248474121094
5429,112.53697204589844
5431,94.88550567626953
5437,101.61527252197266
5440,92.84136199951172
5444,106.62580871582031
5446,107.2238998413086
5447,93.78282165527344
5451,95.18831634521484
5452,95.2159423828125
5455,103.68694305419922
5456,94.76544952392578
5458,93.16300964355469
5459,112.44853973388672
5460,98.4180679321289
5462,97.30986785888672
5463,111.7715835571289
5464,95.18872833251953
5465,110.146728515625
5466,95.50453186035156
5467,104.92977905273438
5468,93.72450256347656
5469,111.37617492675781
5472,96.60708618164062
5474,95.97113037109375
5475,108.1383285522461
5476,95.03751373291016
5479,107.13558959960938
5480,113.61263275146484
5482,112.53340911865234
5485,93.13745880126953
5486,116.0641098022461
5488,70.54740142822266
5495,106.98011779785156
5496,98.32420349121094
5497,109.78792572021484
5499,111.63724517822266
5503,96.70330810546875
5504,89.83773803710938
5507,95.40930938720703
5509,96.62617492675781
5511,96.63703155517578
5512,109.94976806640625
5516,112.9479751586914
5517,95.09898376464844
5518,106.81297302246094
5521,95.89732360839844
5522,104.62358093261719
5527,95.95257568359375
5528,96.88853454589844
5529,107.14785766601562
5532,95.4121322631836
5533,113.47037506103516
5535,105.4700927734375
5536,111.75732421875
5540,95.22327423095703
5547,95.46109771728516
5548,111.45345306396484
5550,72.01361083984375
5551,94.41218566894531
5554,109.36348724365234
5555,92.93341827392578
5559,109.43868255615234
5560,96.15152740478516
5561,111.86690521240234
5562,93.75999450683594
5563,111.5602035522461
5565,71.6814193725586
5566,94.42282104492188
5567,104.28932189941406
5568,97.03389739990234
5572,98.21707916259766
5574,94.34215545654297
5576,97.87564849853516
5579,112.55048370361328
5580,68.27379608154297
5581,96.79437255859375
5583,91.13937377929688
5584,112.23452758789062
5586,112.12390899658203
5587,93.86593627929688
5589,102.67342376708984
5591,102.52363586425781
5592,92.53463745117188
5593,112.47601318359375
5594,98.57321166992188
5595,70.62374877929688
5596,112.96566009521484
5597,110.84159088134766
5598,115.92312622070312
5599,92.8801040649414
5602,111.98825073242188
5603,98.57321166992188
5605,93.3716049194336
5607,95.21057891845703
5608,112.46698760986328
5609,92.33946990966797
5610,93.62666320800781
5612,95.06140899658203
5613,107.14268493652344
5614,91.5654525756836
5616,92.49663543701172
5621,94.22859954833984
5623,96.22193908691406
5628,111.1637954711914
5629,95.38187408447266
5631,99.68506622314453
5633,102.23212432861328
5638,107.59727478027344
5639,98.5494384765625
5640,109.16706848144531
5645,94.74666595458984
5646,70.8249740600586
5649,94.07520294189453
5653,109.95063781738281
5655,108.9304428100586
5656,95.33568572998047
5658,95.0670166015625
5662,115.78754425048828
5663,94.53780364990234
5667,93.75565338134766
5670,92.8801040649414
5671,102.00404357910156
5672,95.92162322998047
5673,104.02532958984375
5674,98.22374725341797
5675,103.54942321777344
5676,97.30319213867188
5679,113.49895477294922
5683,111.4437026977539
5687,98.35138702392578
5688,72.2766342163086
5690,92.21566009521484
5691,112.42828369140625
5692,95.76077270507812
5693,112.95462799072266
5694,97.47908782958984
5697,111.41425323486328
5698,92.92295837402344
5699,112.79427337646484
5704,94.78535461425781
5707,113.49895477294922
5709,106.28546142578125
5710,96.85187530517578
5714,95.03075408935547
5718,97.1833267211914
5721,96.49077606201172
5723,86.5483169555664
5724,110.43794250488281
5725,95.02024841308594
5726,106.05989074707031
5729,96.37509155273438
5730,107.41472625732422
5731,94.34413146972656
5733,72.58822631835938
5736,93.38383483886719
5741,102.71607971191406
5745,111.44538116455078
5747,95.62454986572266
5748,105.591064453125
5750,111.42269897460938
5751,94.66854095458984
5752,94.32149505615234
5754,93.58106231689453
5755,93.19761657714844
5757,93.81945037841797
5758,116.05333709716797
5760,102.33895111083984
5762,102.43103790283203
5766,110.40418243408203
5768,96.61444091796875
5769,114.4178237915039
5770,94.88348388671875
5771,109.52240753173828
5772,94.84114837646484
5773,111.93734741210938
5774,93.63439178466797
5776,94.3779067993164
5777,112.79427337646484
5778,93.92797088623047
5780,106.78270721435547
5782,93.52626037597656
5783,73.5406265258789
5784,96.42842864990234
5786,94.90237426757812
5788,97.30970001220703
5789,111.26953887939453
5790,93.3326187133789
5791,106.72759246826172
5793,104.54364776611328
5794,94.70601654052734
5796,116.40998077392578
5797,96.18189239501953
5801,93.12828826904297
5803,98.35138702392578
5804,110.43779754638672
5805,93.8167495727539
5806,72.23001098632812
5808,111.0107192993164
5813,94.7126693725586
5815,96.74235534667969
5816,104.77608489990234
5822,96.55132293701172
5823,112.75094604492188
5825,105.23831939697266
5827,110.47469329833984
5829,102.90312194824219
5830,97.4775619506836
5831,109.45257568359375
5832,87.0261001586914
5833,111.0107192993164
5837,111.25373077392578
5838,93.26203155517578
5839,93.1994400024414
5842,109.16706848144531
5844,111.53536224365234
5845,108.37860107421875
5846,108.21765899658203
5848,71.9996337890625
5850,114.06157684326172
5851,93.5545654296875
5853,96.61444091796875
5854,104.71961212158203
5858,109.16706848144531
5860,110.13471221923828
5864,106.1683120727539
5866,98.55079650878906
5867,113.49895477294922
5868,92.74790954589844
5869,112.11811065673828
5870,90.25198364257812
5871,110.35626983642578
5874,109.67383575439453
5876,111.12490844726562
5877,94.7112808227539
5878,87.2330551147461
5879,111.03003692626953
5880,95.10626983642578
5884,92.2849349975586
5886,113.18553924560547
5890,103.30775451660156
5896,96.02181243896484
5897,102.24140930175781
5898,96.61444091796875
5901,108.01325988769531
5903,113.56483459472656
5906,93.62666320800781
5908,113.48026275634766
5909,95.0989761352539
5910,107.14268493652344
5911,94.75811004638672
5912,109.20516204833984
5914,109.67383575439453
5919,113.50674438476562
5924,93.17565155029297
5926,97.72235870361328
5929,104.6429672241211
5930,97.19942474365234
5932,95.7090835571289
5933,115.09049224853516
5934,93.50798797607422
5935,109.92759704589844
5936,98.64266204833984
5937,110.11964416503906
5938,92.38558197021484
5939,109.05620574951172
5942,114.10786437988281
5943,97.31244659423828
5944,105.58177947998047
5946,113.02278900146484
5951,94.89498901367188
5953,103.59025573730469
5954,94.32466125488281
5957,105.6369400024414
5961,97.93524932861328
5962,102.85092163085938
5964,67.73963928222656
5965,96.38339233398438
5968,108.73047637939453
5969,97.58111572265625
5974,92.7417221069336
5975,111.26319122314453
5978,71.35428619384766
5981,106.08096313476562
5982,94.26001739501953
5983,110.43328857421875
5989,110.45596313476562
5991,97.03404235839844
5992,101.98410034179688
5995,92.55732727050781
5996,101.505615234375
5997,108.18987274169922
5998,88.85368347167969
5999,68.98631286621094
6001,109.36697387695312
6002,95.6633529663086
6003,109.0091781616211
6004,94.32466125488281
6006,109.99503326416016
6007,92.23827362060547
6011,98.10643768310547
6012,105.17583465576172
6014,94.18995666503906
6015,103.85078430175781
6016,95.06920623779297
6017,109.7596664428711
6018,96.12012481689453
6024,95.26575469970703
6025,103.63484191894531
6026,110.37683868408203
6028,110.68839263916016
6029,73.77764129638672
6030,97.36589813232422
6036,108.73047637939453
6040,93.7625503540039
6041,109.13512420654297
6042,92.19203186035156
6044,94.29456329345703
6045,106.22063446044922
6047,104.10513305664062
6048,91.84850311279297
6049,112.5802001953125
6051,115.97517395019531
6052,112.4945297241211
6053,92.63021087646484
6054,111.6502685546875
6058,104.60140228271484
6059,91.6149673461914
6062,95.91380310058594
6063,116.06964111328125
6064,103.01880645751953
6065,93.7625503540039
6067,93.8427963256836
6068,110.407470703125
6070,104.11795806884766
6071,103.93231964111328
6072,112.62178802490234
6080,112.62178802490234
6081,98.50520324707031
6084,102.6583480834961
6087,93.13016510009766
6089,106.5832290649414
6092,112.62178802490234
6094,93.68705749511719
6095,112.64611053466797
6097,111.51441192626953
6100,95.06871795654297
6104,108.33378601074219
6105,93.85916900634766
6106,110.41824340820312
6107,66.87174224853516
6108,94.2260971069336
6109,112.62178802490234
6110,96.17462158203125
6114,112.62178802490234
6116,95.01692199707031
6117,105.1174545288086
6118,95.9858169555664
6123,73.01653289794922
6125,113.29258728027344
6128,108.52936553955078
6130,102.68340301513672
6132,110.85747528076172
6137,71.71138000488281
6139,114.97801971435547
6140,96.0244369506836
6141,110.99968719482422
6142,106.27136993408203
6144,112.15546417236328
6145,94.21562957763672
6146,98.07305145263672
6149,93.48455810546875
6156,96.06378936767578
6159,110.27587127685547
6160,96.0244369506836
6162,104.26222229003906
6164,110.30757904052734
6165,95.29283142089844
6168,71.98368072509766
6169,110.48577117919922
6170,94.79259490966797
6171,111.85893249511719
6172,93.70885467529297
6173,113.71345520019531
6176,95.91547393798828
6177,94.02986907958984
6178,95.54544830322266
6180,94.67232513427734
6181,103.91407775878906
6182,93.26298522949219
6185,91.97712707519531
6186,113.17166900634766
6188,111.82918548583984
6189,93.81687927246094
6192,102.6583480834961
6193,97.05360412597656
6194,106.22063446044922
6195,94.39093780517578
6196,114.62922668457031
6197,92.62618255615234
6201,111.83055877685547
6202,93.3987045288086
6203,112.70227813720703
6204,93.74652099609375
6207,116.2203598022461
6209,85.48779296875
6210,94.39641571044922
6211,110.01416015625
6213,111.7975082397461
6216,93.04676055908203
6217,94.61591339111328
6219,94.9599609375
6222,73.30474090576172
6223,94.16364288330078
6235,95.47111511230469
6240,94.22338104248047
6242,93.13776397705078
6247,96.35259246826172
6251,111.331298828125
6254,110.72567749023438
6255,94.15182495117188
6260,102.1607437133789
6261,94.24708557128906
6262,106.3648910522461
6264,112.6701431274414
6269,106.84040069580078
6271,105.90768432617188
6275,109.16744995117188
6276,88.39036560058594
6278,104.08161163330078
6279,110.83020782470703
6281,117.67276000976562
6284,92.52371978759766
6286,95.2363052368164
6287,73.81645965576172
6288,92.64759063720703
6292,95.79508209228516
6293,94.35541534423828
6295,94.44886016845703
6298,108.84860229492188
6300,107.80534362792969
6304,104.2596435546875
6308,108.4955825805664
6310,96.23529815673828
6312,112.62178802490234
6320,93.75701904296875
6324,92.18389892578125
6325,112.02840423583984
6330,97.51109313964844
6336,108.08961486816406
6340,104.13247680664062
6341,95.47111511230469
6342,102.9807357788086
6344,94.37507629394531
6345,109.95426177978516
6347,110.98108673095703
6348,91.71161651611328
6349,108.84860229492188
6351,73.1226806640625
6353,112.07581329345703
6354,93.3766098022461
6357,98.3035888671875
6358,101.0911865234375
6360,103.80128479003906
6363,110.91289520263672
6364,92.95061492919922
6368,110.27747344970703
6370,93.11425018310547
6371,94.16007995605469
6377,95.15457916259766
6379,92.28726959228516
6381,93.84883880615234
6382,71.39598846435547
6383,110.35767364501953
6388,108.7320785522461
6390,108.69918060302734
6392,101.95281982421875
6393,95.46953582763672
6395,92.56312561035156
6398,102.62567138671875
6401,71.43971252441406
6402,91.99832916259766
6403,106.92621612548828
6405,94.66019439697266
6406,92.62691497802734
6407,111.98612213134766
6409,103.62153625488281
6411,92.51583862304688
6413,94.85247802734375
6416,103.3863754272461
6417,93.32533264160156
6418,89.06482696533203
6419,115.70744323730469
6420,110.20170593261719
6426,109.1213150024414
6429,91.6174087524414
6430,95.06047058105469
6431,106.92621612548828
6432,85.41605377197266
6434,97.3770980834961
6437,107.96377563476562
6438,94.8872299194336
6439,103.01595306396484
6440,96.63166046142578
6441,94.23279571533203
6442,112.04981231689453
6443,98.11408233642578
6445,93.7937240600586
6448,112.62220001220703
6450,110.17322540283203
6453,94.94699096679688
6455,92.23816680908203
6457,92.23126220703125
6458,109.03119659423828
6461,96.67028045654297
6464,110.33086395263672
6467,93.99565124511719
6469,95.23153686523438
6470,71.26923370361328
6471,96.15116119384766
6473,102.91202545166016
6474,94.4281997680664
6479,96.71561431884766
6481,94.31097412109375
6484,107.94038391113281
6495,103.8013916015625
6496,110.5295639038086
6505,109.153076171875
6506,94.5727310180664
6508,95.5960922241211
6509,93.7998275756836
6510,105.9141616821289
6512,105.06721496582031
6513,93.42323303222656
6514,112.7813949584961
6515,92.47579956054688
6519,97.31938934326172
6521,93.81077575683594
6523,71.23384094238281
6525,108.43244934082031
6526,94.27735137939453
6528,96.44982147216797
6529,113.25949096679688
6531,105.89155578613281
6533,102.90421295166016
6534,94.13949584960938
6535,112.20178985595703
6536,95.41529083251953
6537,112.81462860107422
6540,92.19622802734375
6541,110.35767364501953
6547,98.3666763305664
6548,110.32636260986328
6551,110.72340393066406
6553,109.16719818115234
6555,102.87260437011719
6556,95.05243682861328
6561,71.67117309570312
6564,94.82438659667969
6565,112.20178985595703
6568,92.8816146850586
6569,112.04981231689453
6573,104.8124771118164
6574,97.27617645263672
6577,110.37191009521484
6579,110.80033111572266
6581,98.0772933959961
6582,106.86638641357422
6585,105.85870361328125
6586,93.10137176513672
6589,102.8680191040039
6590,70.7036361694336
6593,93.89305877685547
6594,109.8769302368164
6595,90.62704467773438
6599,94.8422622680664
6600,84.81237030029297
6601,109.68344116210938
6602,92.52149200439453
6603,112.62220001220703
6604,94.88309478759766
6607,103.93602752685547
6608,105.61257934570312
6609,96.02047729492188
6611,89.6469497680664
6613,112.04981231689453
6614,94.29869079589844
6616,92.28654479980469
6617,112.04981231689453
6618,93.57379913330078
6619,101.95442199707031
6621,102.87260437011719
6627,105.01128387451172
6629,110.17769622802734
6631,70.7582015991211
6634,92.88493347167969
6636,93.98908233642578
6638,92.8816146850586
6639,112.04981231689453
6641,111.92109680175781
6642,94.64968872070312
6651,114.13011932373047
6654,72.87714385986328
6657,96.35832214355469
6663,96.5159683227539
6665,105.76100158691406
6666,94.14176940917969
6668,93.36559295654297
6669,103.32231903076172
6670,93.1491470336914
6671,93.16983795166016
6673,92.67242431640625
6675,88.2994384765625
6676,72.9238052368164
6677,92.92755889892578
6679,91.55584716796875
6680,110.5947036743164
6681,105.9141616821289
6685,105.5551986694336
6688,94.3017807006836
6689,91.4036865234375
6690,110.34387969970703
6692,112.04981231689453
6693,94.15706634521484
6694,91.99440002441406
6698,115.79309844970703
6699,93.61389923095703
6700,110.66987609863281
6701,92.23126220703125
6702,110.42887878417969
6704,91.4036865234375
6707,108.7701416015625
6712,112.66806030273438
6713,94.81652069091797
6715,92.22494506835938
6721,105.89604949951172
6722,93.91284942626953
6723,112.99459075927734
6724,95.3521728515625
6725,115.71333312988281
6731,112.12530517578125
6735,72.96273040771484
6736,93.14601135253906
6737,107.80557250976562
6738,95.74833679199219
6739,102.04798126220703
6741,105.57624816894531
6743,93.99152374267578
6745,93.36559295654297
6747,110.33316802978516
6749,91.67840576171875
6750,103.90699005126953
6751,115.73542022705078
6752,99.63030242919922
6753,112.04981231689453
6755,111.35991668701172
6756,93.04584503173828
6757,103.68913269042969
6759,109.86882781982422
6761,92.60265350341797
6763,96.15116119384766
6764,114.14447784423828
6765,92.29194641113281
6766,110.92544555664062
6768,109.30148315429688
6771,91.4036865234375
6773,95.03130340576172
6774,92.30682373046875
6778,104.49632263183594
6779,95.15987396240234
6781,91.26305389404297
6784,91.67096710205078
6786,94.03209686279297
6787,111.50035095214844
6790,95.27851867675781
6793,107.35543060302734
6795,110.84232330322266
6798,110.22071075439453
6806,102.72647857666016
6807,90.91411590576172
6810,95.12760162353516
6815,105.77743530273438
6816,94.05928802490234
6817,101.99519348144531
6818,91.40758514404297
6819,103.55014038085938
6820,92.7884750366211
6822,89.37641143798828
6823,115.56842041015625
6824,109.04690551757812
6825,91.89444732666016
6828,71.24671173095703
6829,108.32575988769531
6831,107.7874984741211
6832,91.08161163330078
6833,112.11054229736328
6834,95.48563385009766
6836,97.13152313232422
6837,112.73771667480469
6838,89.61943817138672
6840,101.88563537597656
6843,93.50684356689453
6845,93.4809341430664
6846,92.30908966064453
6847,110.9344253540039
6851,109.60668182373047
6852,93.25350952148438
6853,105.76168060302734
6858,102.85907745361328
6861,110.94810485839844
6863,109.12689971923828
6864,73.26729583740234
6865,91.5584487915039
6866,112.32878875732422
6867,97.23505401611328
6868,103.32460021972656
6869,94.28485870361328
6870,109.04690551757812
6874,105.48025512695312
6875,93.10710144042969
6877,108.86741638183594
6878,89.48213958740234
6880,94.39859771728516
6883,108.59432220458984
6884,99.35731506347656
6886,92.45108032226562
6890,95.60277557373047
6893,107.84126281738281
6894,95.11080932617188
6899,108.86741638183594
6900,93.94698333740234
6904,95.93927764892578
6905,109.88037872314453
6906,93.06071472167969
6910,93.06450653076172
6912,103.62275695800781
6913,110.3355484008789
6920,92.09596252441406
6922,94.09667205810547
6923,110.84232330322266
6926,91.8160629272461
6927,107.84576416015625
6928,93.88446807861328
6931,108.19559478759766
6933,93.12316131591797
6936,91.68927764892578
6937,112.14139556884766
6939,108.30458068847656
6941,93.32560729980469
6942,108.9015121459961
6943,87.38634490966797
6944,101.60478210449219
6945,95.92914581298828
6946,105.31272888183594
6947,115.5884017944336
6949,102.830810546875
6951,102.40471649169922
6953,109.56591796875
6954,93.2984848022461
6955,110.62519073486328
6963,107.25688934326172
6964,93.92183685302734
6966,94.05339813232422
6968,93.39715576171875
6970,102.77864837646484
6972,109.65829467773438
6976,108.60562896728516
6978,112.32878875732422
6981,102.55604553222656
6985,103.7411117553711
6986,91.36359405517578
6987,110.33149719238281
6989,111.6048583984375
6991,115.56842041015625
6993,113.33537292480469
6994,96.03117370605469
6995,108.06715393066406
6996,94.08113098144531
6997,108.72510528564453
6998,68.01117706298828
7001,107.39083099365234
7003,107.06665802001953
7006,94.5631332397461
7008,101.30249786376953
7010,94.20172119140625
7011,93.02021789550781
7012,108.98344421386719
7013,93.22533416748047
7014,109.1914291381836
7017,105.1806411743164
7018,94.17130279541016
7019,93.93592834472656
7023,96.26878356933594
7024,102.13887023925781
7025,92.01627349853516
7026,110.07457733154297
7027,92.18000793457031
7028,110.50349426269531
7030,110.84232330322266
7031,95.61820983886719
7033,110.2480239868164
7036,93.64270782470703
7037,92.5958480834961
7039,94.83727264404297
7044,93.65058135986328
7045,112.73771667480469
7046,95.52959442138672
7049,106.41886138916016
7050,95.96923828125
7051,102.77864837646484
7054,107.90938568115234
7055,95.5649185180664
7057,92.58699798583984
7060,108.86741638183594
7061,95.7979507446289
7063,92.04206085205078
7064,109.34425354003906
7067,94.39859771728516
7071,94.30182647705078
7074,102.501708984375
7075,93.50333404541016
7078,112.73771667480469
7079,90.83834075927734
7080,110.68573760986328
7081,95.8529281616211
7082,112.8106689453125
7083,92.28532409667969
7085,107.2063980102539
7092,103.42948150634766
7094,91.75678253173828
7100,90.2457046508789
7101,108.90766143798828
7102,112.32878875732422
7104,109.0400619506836
7105,95.7979507446289
7106,93.26799774169922
7107,101.1915512084961
7108,71.00886535644531
7109,88.4039535522461
7110,112.14139556884766
7112,88.21383666992188
7113,105.29454803466797
7114,94.33341217041016
7116,112.37189483642578
7117,95.48140716552734
7118,104.61478424072266
7120,96.46913146972656
7121,102.42186737060547
7123,101.4275894165039
7124,95.97966003417969
7127,107.8376235961914
7131,101.21931457519531
7132,91.40758514404297
7133,93.14026641845703
7134,110.46271514892578
7135,90.50312042236328
7136,107.04154968261719
7137,92.92804718017578
7141,92.6429443359375
7144,103.25984191894531
7147,108.73593139648438
7148,92.8492202758789
7150,93.6344223022461
7151,96.46913146972656
7152,102.50523376464844
7154,91.59138488769531
7156,94.26634216308594
7157,103.03990936279297
7159,115.65138244628906
7161,94.89907836914062
7163,92.87602233886719
7164,103.861572265625
7167,73.09272003173828
7169,105.84773254394531
7170,96.72832489013672
7173,93.7916259765625
7174,105.67776489257812
7177,109.57304382324219
7178,104.21967315673828
7179,93.28559112548828
7180,73.50308990478516
7181,109.0766372680664
7182,92.87531280517578
7184,93.66334533691406
7185,108.06617736816406
7186,94.18889617919922
7187,114.09951782226562
7188,92.40316772460938
7189,111.54988861083984
7191,102.64451599121094
7193,107.0849380493164
7197,94.40926361083984
7199,90.7092056274414
7200,112.8106689453125
7201,90.50312042236328
7204,93.49483489990234
7207,107.15509796142578
7209,109.12689971923828
7210,96.06444549560547
7211,103.35748291015625
7213,94.98982238769531
7214,108.72510528564453
7216,108.18944549560547
7217,93.86056518554688
7220,108.11711883544922
7224,110.84232330322266
7225,95.52073669433594
7226,108.18944549560547
7227,92.62860107421875
7234,108.06617736816406
7236,73.20563507080078
7239,106.59532165527344
7240,93.22248077392578
7242,111.06558990478516
7244,108.37958526611328
7245,95.26206970214844
7247,109.20822143554688
7248,93.32707977294922
7249,116.21544647216797
7250,108.7099380493164
7251,93.30975341796875
7252,112.2820816040039
7253,73.36144256591797
7256,97.25472259521484
7260,96.17483520507812
7261,113.87581634521484
7264,101.0589370727539
7269,110.2886734008789
7270,94.67327117919922
7273,110.2018814086914
7279,95.70565795898438
7281,110.77332305908203
7284,96.70304870605469
7285,111.93489837646484
7286,116.32160186767578
7287,91.9560317993164
7289,93.52123260498047
7292,91.86787414550781
7293,113.1456069946289
7296,92.24232482910156
7297,111.17430877685547
7298,91.0612564086914
7299,112.56253814697266
7301,101.2383041381836
7304,109.56768035888672
7306,112.93399047851562
7308,93.52123260498047
7309,102.2146987915039
7312,91.35210418701172
7313,73.36144256591797
7314,94.63794708251953
7316,94.99552154541016
7319,114.15569305419922
7321,95.81755065917969
7323,96.82339477539062
7324,102.61268615722656
7325,93.39521789550781
7328,102.6733169555664
7330,73.42453002929688
7334,93.76522827148438
7337,108.80097961425781
7338,96.32521057128906
7339,86.98141479492188
7341,95.36182403564453
7342,108.32669830322266
7344,111.36998748779297
7345,107.24624633789062
7347,107.1798324584961
7349,110.77332305908203
7350,92.65367889404297
7353,109.74842834472656
7355,109.53107452392578
7356,92.73348236083984
7357,114.06034088134766
7358,97.21805572509766
7360,93.06021881103516
7363,107.15103912353516
7364,95.2695083618164
7366,94.1904525756836
7368,95.39506530761719
7369,110.7843246459961
7370,95.41505432128906
7373,95.10552215576172
7374,110.5224838256836
7375,95.39311981201172
7377,97.23639678955078
7379,96.57237243652344
7380,113.7065200805664
7382,109.70514678955078
7383,93.79096984863281
7385,96.30313873291016
7386,106.71358489990234
7391,96.63763427734375
7394,103.05122375488281
7396,108.7099380493164
7397,92.8487777709961
7399,97.21949768066406
7400,104.42845916748047
7403,73.46282196044922
7405,111.21158599853516
7408,109.966796875
7414,109.81716918945312
7416,103.04889678955078
7417,92.32251739501953
7419,94.52301788330078
7420,103.58350372314453
7421,95.81014251708984
7422,95.15270233154297
7423,106.71855163574219
7425,70.4782943725586
7430,96.10836029052734
7432,94.18146514892578
7433,91.4607162475586
7434,109.24459075927734
7436,107.81475830078125
7437,91.84496307373047
7438,106.14461517333984
7440,105.67158508300781
7441,95.78526306152344
7442,111.16210174560547
7445,112.3705825805664
7446,103.35330200195312
7448,108.40923309326172
7450,99.6376953125
7451,93.61637115478516
7454,111.07699584960938
7455,95.4565658569336
7457,110.74836730957031
7459,103.37664794921875
7462,92.91361236572266
7464,93.61637115478516
7465,105.5962142944336
7466,94.86085510253906
7467,108.1745376586914
7469,111.37151336669922
7472,96.2300796508789
7473,112.59370422363281
7479,93.76522827148438
7480,103.08799743652344
7484,109.15938568115234
7491,96.35261535644531
7494,105.40715026855469
7495,94.46730041503906
7501,93.00911712646484
7503,95.17363739013672
7504,106.23309326171875
7505,95.19945526123047
7508,110.0970687866211
7509,96.19007110595703
7510,73.36144256591797
7511,109.98667907714844
7515,94.78783416748047
7516,101.94207763671875
7517,85.95470428466797
7518,102.88890075683594
7519,95.30960845947266
7521,95.7486801147461
7522,103.49673461914062
7524,104.8658218383789
7526,104.33090209960938
7527,94.18889617919922
7528,102.65926361083984
7529,97.41111755371094
7534,108.47554779052734
7537,110.21391296386719
7538,94.76021575927734
7540,94.45191192626953
7541,110.15806579589844
7545,110.88552856445312
7551,110.78175354003906
7553,95.00550079345703
7554,101.51673126220703
7555,89.36559295654297
7561,108.81356048583984
7562,95.89990997314453
7564,92.54417419433594
7565,106.4921875
7566,95.53718566894531
7567,103.58692932128906
7569,101.63580322265625
7570,92.00074005126953
7571,114.35275268554688
7572,94.08912658691406
7574,103.00334930419922
7578,110.8115463256836
7579,88.60772705078125
7586,91.11866760253906
7587,68.18472290039062
7590,96.33074951171875
7593,112.59370422363281
7594,98.29812622070312
7595,95.53718566894531
7600,92.97434997558594
7601,69.47736358642578
7602,94.10010528564453
7603,110.73545837402344
7604,92.44986724853516
7606,90.82390594482422
7608,110.70720672607422
7613,73.24148559570312
7615,109.03874969482422
7616,107.65259552001953
7617,114.15147399902344
7618,94.18889617919922
7619,103.6042251586914
7622,87.50920867919922
7623,102.62336730957031
7624,92.79403686523438
7625,102.01717376708984
7626,94.16072845458984
7627,104.42501831054688
7628,70.0490951538086
7631,105.49219512939453
7632,105.9548568725586
7633,92.8497543334961
7634,110.1166763305664
7635,91.69969940185547
7636,109.11084747314453
7637,109.11084747314453
7639,93.29219818115234
7640,72.80619049072266
7644,113.24555206298828
7645,92.6051254272461
7648,102.13066864013672
7649,87.54871368408203
7650,110.40387725830078
7652,105.5962142944336
7653,93.13833618164062
7655,92.4858169555664
7659,109.50980377197266
7662,93.89351654052734
7664,94.40743255615234
7666,95.1330337524414
7668,97.04035186767578
7669,109.9872817993164
7670,90.12288665771484
7672,92.6571273803711
7673,108.52578735351562
7678,91.8470230102539
7679,74.47445678710938
7680,102.8204345703125
7683,93.17743682861328
7685,116.32160186767578
7688,94.0723876953125
7690,107.63985443115234
7692,94.8218765258789
7693,95.61548614501953
7695,108.80097961425781
7696,94.64423370361328
7698,93.25432586669922
7699,110.58023834228516
7702,93.37700653076172
7703,108.53215789794922
7704,85.97401428222656
7707,109.98667907714844
7713,72.08663177490234
7715,104.70068359375
7717,112.4953842163086
7718,95.15998840332031
7719,104.47254943847656
7721,109.83222198486328
7722,96.21302032470703
7725,96.5459213256836
7727,101.16106414794922
7730,67.15369415283203
7733,91.33903503417969
7735,101.25972747802734
7740,107.72563171386719
7741,109.91781616210938
7742,96.16349029541016
7744,110.8316650390625
7747,92.07366180419922
7750,70.75391387939453
7752,110.67212677001953
7754,113.49047088623047
7756,108.83912658691406
7757,96.18511199951172
7758,107.19148254394531
7760,102.02070617675781
7761,96.75629425048828
7763,108.34622192382812
7765,92.96363067626953
7767,108.22235870361328
7768,94.05551147460938
7771,91.15511322021484
7773,92.32166290283203
7774,114.48458099365234
7776,106.01727294921875
7779,94.0623550415039
7783,93.66326904296875
7786,107.1061019897461
7787,94.96183013916016
7789,90.67235565185547
7791,96.81864166259766
7793,96.12731170654297
7794,108.97303009033203
7795,90.32478332519531
7799,72.86792755126953
7800,108.69525146484375
7802,86.41658782958984
7805,106.9376449584961
7807,101.11504364013672
7808,94.35493469238281
7811,102.13383483886719
7817,107.427978515625
7818,104.76748657226562
7819,92.66219329833984
7822,92.51848602294922
7823,110.85588073730469
7825,111.46756744384766
7828,85.76472473144531
7832,94.81069946289062
7833,71.29932403564453
7834,108.34156036376953
7835,94.32479095458984
7837,93.39495086669922
7840,94.02616119384766
7842,95.20588684082031
7843,106.15445709228516
7844,94.2701416015625
7846,96.75629425048828
7850,96.3294906616211
7853,111.91654205322266
7855,110.0787582397461
7858,93.85762786865234
7863,109.5076675415039
7865,112.7204818725586
7866,92.99945831298828
7868,91.33517456054688
7869,111.80340576171875
7871,72.55587005615234
7872,102.71553039550781
7874,101.4638671875
7877,112.65465545654297
7878,91.87600708007812
7879,108.7065200805664
7881,87.44298553466797
7883,90.47361755371094
7885,102.849853515625
7886,94.13521575927734
7889,95.88784790039062
7890,106.82853698730469
7891,92.54520416259766
7893,94.23075866699219
7894,99.46526336669922
7896,109.03300476074219
7898,100.97525024414062
7901,92.30157470703125
7902,106.99102020263672
7904,108.17797088623047
7905,93.7372817993164
7906,113.11766052246094
7909,92.58881378173828
7910,102.2594223022461
7913,93.97328186035156
7918,112.00666046142578
7919,90.20494079589844
7923,90.71045684814453
7925,95.6230239868164
7927,91.0792007446289
7930,94.24604034423828
7932,96.04629516601562
7933,92.66604614257812
7935,92.50902557373047
7939,102.87489318847656
7942,92.80890655517578
7943,108.86752319335938
7945,103.75393676757812
7946,95.344482421875
7948,95.86219024658203
7949,111.16368103027344
7950,95.2713851928711
7951,108.22235870361328
7955,101.48760986328125
7959,94.0082778930664
7960,107.72563171386719
7961,91.28362274169922
7962,102.71963500976562
7964,103.75718688964844
7965,96.15237426757812
7966,112.85968017578125
7967,105.30833435058594
7968,94.0186538696289
7971,103.76533508300781
7974,90.20494079589844
7976,101.08414459228516
7978,112.25245666503906
7982,107.72563171386719
7983,92.78251647949219
7984,102.93749237060547
7986,94.67467498779297
7989,111.16368103027344
7991,106.99102020263672
7992,110.19961547851562
7993,89.39713287353516
7994,112.26599884033203
7995,94.81069946289062
7997,92.46051788330078
7998,102.93749237060547
7999,107.427978515625
8002,91.81990814208984
8007,93.58422088623047
8009,92.7945327758789
8011,92.05416870117188
8013,93.16461944580078
8015,102.62420654296875
8017,112.5467758178711
8019,116.06527709960938
8023,92.77022552490234
8024,107.37075805664062
8026,111.12191772460938
8027,91.6624526977539
8029,91.94857025146484
8030,111.38450622558594
8031,90.28382110595703
8033,94.25706481933594
8035,91.34545135498047
8036,102.93449401855469
8039,104.21913146972656
8042,92.22881317138672
8044,92.77268981933594
8046,67.47748565673828
8048,111.91606903076172
8049,93.7372817993164
8050,100.8035659790039
8053,91.9782943725586
8054,91.1744155883789
8059,92.70024871826172
8061,92.14201354980469
8062,105.04031372070312
8064,108.50350189208984
8066,105.60787963867188
8067,95.22908020019531
8068,94.77535247802734
8070,92.2509994506836
8071,112.74258422851562
8072,88.91197204589844
8076,90.4682388305664
8080,95.28031921386719
8081,110.04424285888672
8084,97.36457061767578
8087,110.20509338378906
8089,92.35931396484375
8090,113.85533905029297
8091,102.04219055175781
8094,116.1545181274414
8100,93.69861602783203
8101,95.4433822631836
8110,92.8181381225586
8111,106.99102020263672
8112,83.84027099609375
8115,109.79512023925781
8116,92.06382751464844
8118,108.50350189208984
8121,115.64441680908203
8125,110.1852798461914
8127,111.07996368408203
8128,90.15465545654297
8129,107.07659912109375
8131,90.66895294189453
8138,93.74456024169922
8139,101.78973388671875
8140,91.9157943725586
8141,92.32166290283203
8142,111.2197494506836
8143,107.65113067626953
8145,111.12191772460938
8146,92.5427474975586
8148,109.28408813476562
8153,109.91146087646484
8154,92.36006927490234
8155,109.87181854248047
8161,95.40599822998047
8162,108.46350860595703
8163,95.2216567993164
8166,111.42418670654297
8168,110.55814361572266
8170,88.25472259521484
8172,107.15196990966797
8173,90.66134643554688
8176,102.4271011352539
8179,90.50048828125
8181,96.10698699951172
8182,115.98406219482422
8184,113.4089584350586
8190,102.59046173095703
8191,92.39208984375
8194,113.91539001464844
8196,108.90896606445312
8198,109.35291290283203
8199,112.4472885131836
8201,110.8395767211914
8202,94.31295013427734
8207,95.8112564086914
8208,106.92544555664062
8211,107.90396881103516
8214,107.64762115478516
8217,89.36710357666016
8218,110.0488510131836
8222,90.34825897216797
8229,106.85911560058594
8231,91.42191314697266
8233,95.76612091064453
8236,94.08344268798828
8238,108.19950866699219
8240,101.52650451660156
8243,102.98403930664062
8246,108.30001831054688
8250,95.8468246459961
8254,96.470458984375
8256,72.07421112060547
8257,108.86888885498047
8258,83.55040740966797
8260,93.16030883789062
8261,108.86967468261719
8263,109.69915008544922
8264,91.91768646240234
8267,107.2395248413086
8268,89.81148529052734
8271,91.27828216552734
8272,106.92544555664062
8275,93.14341735839844
8276,94.27700805664062
8277,107.21782684326172
8278,115.52546691894531
8279,92.46874237060547
8280,107.95928955078125
8281,94.4888687133789
8282,109.22394561767578
8287,109.15399932861328
8288,89.14835357666016
8289,108.49451446533203
8294,93.45926666259766
8296,91.33300018310547
8299,109.50340270996094
8302,103.00833129882812
8308,111.65262603759766
8314,102.90618133544922
8315,94.2574691772461
8316,108.78136444091797
8317,91.34981536865234
8319,111.7896957397461
8320,92.10733795166016
8321,115.2966537475586
8323,93.8227767944336
8325,95.22612762451172
8326,109.3803939819336
8328,106.87853240966797
8330,109.69319915771484
8331,90.49048614501953
8332,111.09396362304688
8334,92.33641815185547
8338,95.44445037841797
8339,95.24695587158203
8341,89.06037139892578
8345,111.87955474853516
8346,96.13341522216797
8347,102.6449203491211
8349,95.27930450439453
8351,95.16006469726562
8352,111.31038665771484
8353,106.87853240966797
8355,108.29141235351562
8358,107.34600067138672
8359,108.73326110839844
8360,91.1541519165039
8361,110.81416320800781
8363,102.6856918334961
8364,92.4480209350586
8365,92.90435028076172
8366,104.56549072265625
8370,108.53108978271484
8372,93.12708282470703
8376,94.64229583740234
8377,107.6384506225586
8379,107.43073272705078
8380,91.53340911865234
8381,111.21216583251953
8386,92.12102508544922
8388,101.96563720703125
8389,92.88373565673828
8391,109.90354919433594
8394,96.470458984375
8396,103.32189178466797
8398,103.29063415527344
8400,111.12374877929688
8401,89.34286499023438
8404,89.06037139892578
8407,93.34783172607422
8408,108.83501434326172
8409,106.50434875488281
8410,103.87490844726562
8411,92.33281707763672
8413,90.8755111694336
8414,111.42108917236328
8416,94.77442169189453
